average_runtime 0.002250856649246998
0.0024674218031577764
0.0022528027999214827
0.0022575828013941647
0.0022598791983909905
0.002214093995280564
0.002206454589031637
0.0022087806020863352
0.002246805198956281
0.0022428581956773995
0.002249824407044798
0.0022018137970007956
0.0022368152043782175
0.0022463312023319306
0.0022478653932921588
0.002193840593099594
0.0021992414025589825
0.0021873716032132506
0.0022378601948730647
0.0026226903893984852
0.002235600398853421
0.0021960514015518127
0.002197562390938401
0.0022368240053765474
0.0021976834046654402
0.0022496463963761924
0.002193355606868863
0.0022398166009224953
0.002185906597878784
0.002240492997225374
0.002196199994068593
0.002188484196085483
0.0021926759975031017
0.0022391504026018083
0.002205110399518162
0.002225160610396415
0.0022001616074703635
0.002201896603219211
0.002186663600150496
0.002238568395841867
0.0021968876011669637
0.0021940865903161467
0.002203259791713208
0.0022376631968654692
0.0022287391941063104
0.002202041202690452
0.0021968645974993705
0.0022409608005546033
0.002233620802871883
0.002202966995537281
0.002197733602952212
0.002249065402429551
0.0021940874052233995
0.002187131601385772
0.002189996000379324
0.0021971654030494394
0.002194370806682855
0.002199947601184249
0.0021996989962644875
0.0021998180076479913
0.002186910202726722
0.002209594601299614
0.002201218402478844
0.0022176075959578156
0.0025648321956396104
0.002209103398490697
0.002207180601544678
0.0022081014001742007
0.0022063990007154645
0.0021977269905619325
0.0021906560054048897
0.002449001802597195
0.002218933403491974
0.0022059808019548655
0.002256882400251925
0.002215800201520324
0.0022566422005183993
0.002214122598525137
0.002240430598612875
0.0022168878000229596
0.00220212860731408
0.002221423399168998
0.0022132206009700893
0.0022006593993864954
0.002261770004406571
0.0027270853985100984
0.002206839399877936
0.002214792394079268
0.002239953400567174
0.002259487798437476
0.002209600992500782
0.002198949200101197
0.002201191405765712
0.002204279403667897
0.0022087303921580316
0.0022043637931346894
0.002221960190217942
0.002208326605614275
0.0022604297962971033
0.002206956397276372
0.002208413206972182
0.002266157208941877
0.002215820399578661
0.0022557271993719043
0.0022617095964960754
0.0022535429918207226
0.0022542005986906587
0.0027649083989672364
0.0022590395994484423
0.0022651528008282183
0.002217058604583144
0.002262884401716292
0.002216624410357326
0.002253811398986727
0.0022551079979166388
0.00225132160121575
0.0022039920091629027
0.0022450058022513986
0.0022084054071456194
0.0022130350000225006
0.0022110212012194097
0.002203718805685639
0.002238536602817476
0.0022186034009791912
0.002217701403424144
0.0022144253947772087
0.002221547195222229
0.002212375996168703
0.002252468001097441
0.002212753193452954
0.00221412000246346
0.002250777999870479
0.002210210997145623
0.0021982158068567514
0.0021989036002196373
0.0022513863979838787
0.002254484605509788
0.0022125683957710863
0.0022664236021228135
0.0022567206062376497
0.0022598232026211917
0.0022579979966394605
0.0022607558057643473
0.002267453400418162
0.0022714133956469595
0.002292990998830646
0.002270727010909468
0.0022766623995266856
0.002274150203447789
0.0022775046061724426
0.0022216161945834757
0.0023156212060712277
0.0026281369966454802
0.0024395706015639005
0.0022383113973774016
0.0022340966039337217
0.002230434399098158
0.0022309454041533174
0.0021876055980101228
0.0022299708100035785
0.0022337903967127202
0.0022417790023609996
0.0022464872105047106
0.002243946399539709
0.0021846333984285593
0.0021913154050707817
0.002210148191079497
0.002261739003006369
0.002252586605027318
0.0022075137938372793
0.0022557491902261972
0.0022031193948350847
0.0022026600083336232
0.002212465403135866
0.0022544875973835588
0.0022565518040210007
0.002261146600358188
0.0022582956007681787
0.002255736803635955
0.0022534110001288356
0.00225048620486632
0.002259225398302078
0.0022505622007884087
0.0022067016107030213
0.0022099766065366566
0.0022588985972106456
0.002269955805968493
0.0022228840040042996
0.0022098263958469032
0.002218553004786372
0.002258612192235887
0.0022632926004007457
0.0022527895984239877
0.002262134198099375
0.00220684859668836
0.0022633705986663697
0.0022171719931066034
0.0022598069976083935
0.0022155145998112857
0.002251562604214996
0.0022125921910628676
0.0022162916022352873
0.00222542779520154
0.0022255248040892184
0.0022608238039538266
0.002273484191391617
0.002266420202795416
0.002226391003932804
0.00222463320242241
0.002265007793903351
0.0022628663922660054
0.0022689450066536664
0.002267168404068798
0.002226690005045384
0.002222782396711409
0.0022197509999386964
0.002266422193497419
0.002274240809492767
0.0022590937907807527
0.0022131944075226783
0.0022193673998117448
0.0022698741988278924
0.002925728994887322
0.0022699475986883043
0.0022215373930521308
0.0022652368061244488
0.0022621840005740525
0.002272983000148088
0.002227026806212962
0.002272642601747066
0.0022321520023979246
0.0022255129995755853
0.002269579004496336
0.002273177797906101
0.002269586594775319
0.002267391805071384
0.00226951539516449
0.002271675202064216
0.0022756146034225823
0.002238131791818887
0.002274658204987645
0.0022751291980966926
0.002273030998185277
0.0022234883974306284
0.0022246728069148956
0.0022224945947527885
0.0022310168016701935
0.002231426804792136
0.0022212393931113185
0.0022761001950129867
0.0022781196050345896
0.002223408198915422
0.0022191104013472795
0.002225408994127065
0.0022261415957473218
0.0022698029992170633
0.0022748432005755604
0.0022219090024009347
0.0022262779995799063
0.002226997201796621
0.002262415608856827
0.002220341598149389
0.0022167755989357827
0.0022264798055402933
0.0022599585936404765
0.0022627945989370348
0.002223088196478784
0.002220371796283871
0.0022190804011188447
0.0022127739968709646
0.0022769480012357233
0.002261823008302599
0.0022619563969783485
0.0022204156033694745
0.0022651139996014537
0.0022694624029099943
0.002273991995025426
0.0022629058104939757
0.002262433397118002
0.0022728206007741393
0.002269490004982799
0.0022764966008253394
0.0022223026026040316
0.0022277012001723053
0.0022713027894496916
0.0022705237963236867
0.0022715775994583964
0.00222527600126341
0.002211891603656113
0.0022197698010131715
0.002267187600955367
0.0022193130105733873
0.0022176565951667728
0.0022587092011235655
0.0022658774047158658
0.002276254596654326
0.0022648486075922845
0.0022654543980024757
0.0022656704066321256
0.00227079699980095
0.0022181262029334903
0.0022678374079987407
0.002270604204386473
0.0022743290057405828
0.002265739592257887
0.002621536795049906
0.0022276507923379542
0.0022626182064414023
0.002271656191442162
0.0022602192009799184
0.002262983995024115
0.002265831001568586
0.002269022399559617
0.0022605831967666746
0.002205513999797404
0.0022035342059098183
0.0022465797956101596
0.002254514198284596
0.0022511824034154417
0.002212065807543695
0.0021971064037643374
0.002204086002893746
0.002244940202217549
0.002243259409442544
0.0022456264006905256
0.002254036394879222
0.00221189740113914
0.00225347219966352
0.0022526583983562888
0.0022040162002667785
0.002202946599572897
0.0028678706032223998
0.0022340046009048818
0.0021977141965180635
0.0022406539996154607
0.0021970971953123807
0.0022030945983715355
0.0022481099935248495
0.0022037929971702396
0.002243616199120879
0.002245378796942532
0.002232778805773705
0.0022701687994413078
0.0022381508024409413
0.0022228321991860866
0.002224542200565338
0.0022743528010323645
0.0022194328019395472
0.0022700902074575422
0.002309564605820924
0.002383480197750032
0.0022668811958283185
0.0022660269984044134
0.0022615793976001443
0.0022654761909507216
0.0022142317960970105
0.0022257315926253796
0.0022639701957814394
0.0022654457949101924
0.002242174802813679
0.0022471969947218894
0.002254804805852473
0.002249418792780489
0.0022573632071726025
0.0022495163953863083
0.00226270459825173
0.0022400931920856237
0.0022411764017306267
0.0022348926053382457
0.002193455398082733
0.0021965679945424197
0.0022391102043911814
0.0021957302000373603
0.002193414408247918
0.0021977531956508755
0.0022384398034773767
0.0021880773943848907
0.002242589008528739
0.0022387629956938325
0.0022401370108127592
0.002237183600664139
0.0022422143956646323
0.0022451816010288896
0.0022424941998906434
0.0022449883981607854
0.002270383597351611
0.002267919608857483
0.0022712388075888158
0.0022796238074079154
0.0022615034016780556
0.0026483344030566514
0.002266299002803862
0.002273183793295175
0.002231312601361424
0.002235474193003029
0.0022224222077056764
0.0022124853916466237
0.0022226645960472524
0.0022206093999557197
0.0022197608021087946
0.0022190768038854005
0.002216954599134624
0.0022220324026420712
0.0022193505894392727
0.0022544932086020707
0.0022221969906240703
0.0022206780035048724
0.0022718194057233633
0.0022229666006751358
0.002217993000522256
0.0022192057920619847
0.0022588505991734563
0.0022681110072880982
0.0022636897978372873
0.0022747511975467205
0.002271565201226622
0.0022631107945926487
0.0022670337930321693
0.0022080439957790077
0.002263363404199481
0.0022589400061406193
0.002264272200409323
0.0022218581987544896
0.0022171846008859574
0.0022135745966807008
0.0022668170044198633
0.0022785814013332128
0.0022753325989469885
0.0022739005973562596
0.0022758995997719466
0.0022641054005362094
0.0022665650001727046
0.0022705020033754407
0.0022644435986876486
0.00226300599751994
0.002278250397648662
0.002264178008772433
0.002272998203989118
0.002275839995127171
0.0022254350013099613
0.002225698996335268
0.002269015205092728
0.002278670796658844
0.0022735234000720085
0.002626405598130077
0.0022694742074236274
0.002220995596144348
0.0022722698049619794
0.002267017599660903
0.00228470639558509
0.0022641362040303646
0.0022164118010550736
0.0022627371945418417
0.002265583002008498
0.0022601748001761734
0.0022682785987854005
0.002220312401186675
0.002265870000701398
0.002224255190230906
0.002272099000401795
0.0022291035973466935
0.002223020792007446
0.0022658817935734986
0.0022213667980395257
0.0022631017956882713
0.002217756991740316
0.002223751996643841
0.0022649538004770875
0.0022663281997665763
0.0022744485992006957
0.002804300398565829
0.002228074998129159
0.0022182393935509027
0.0022226731991395353
0.0022652031970210374
0.0022779942024499177
0.0022711332072503864
0.0022790991934016347
0.0022841050056740643
0.0022691413993015884
0.0022780459956265988
0.002226575801614672
0.0022167043993249536
0.002226999797858298
0.0022150903940200807
0.002264422795269638
0.0022627689992077648
0.0022201579995453358
0.002263327594846487
0.0022699677967466412
0.002258283598348498
0.0022663208073936403
0.0022640264010988175
0.0022289396030828355
0.0021922186017036436
0.002261285996064544
0.002268553408794105
0.0022678127977997066
0.002867780008818954
0.002235647605266422
0.002238625392783433
0.0022065968019887804
0.00226058840053156
0.0022683521965518594
0.002258361002895981
0.0022520364029332994
0.002205850393511355
0.00224205480189994
0.002246827201452106
0.0022037465940229596
0.00220404639840126
0.0022450765944086017
0.002238516206853092
0.0022451922064647078
0.002242010005284101
0.0022527038003318013
0.0022571990033611656
0.0022593118017539384
0.0022482036030851303
0.0022504055988974868
0.002258168801199645
0.0022039775969460605
0.0022511366056278347
0.002202871802728623
0.0022430760087445377
0.002248283801600337
0.002243168803397566
0.0022502868087030947
0.0028714398038573565
0.0021970994072034954
0.0022554884082637726
0.002207975392229855
0.002244618395343423
0.0022542644059285522
0.0022004709928296505
0.002244453597813845
0.002233825600706041
0.0022382435970939698
0.0022286555962637068
0.0021758556016720832
0.0022243101964704694
0.00222371380077675
0.002227868791669607
0.0022278141928836702
0.0022180575993843376
0.002186037600040436
0.0021880840067751706
0.0022208558046258988
0.002223675395362079
0.0021796646062284706
0.0021849334007129073
0.002230182196944952
0.0021807677927426993
0.0021811170037835835
0.0021785952034406365
0.0022228883928619323
0.002221652201842517
0.002185991604346782
0.0025865228031761943
0.002224001393187791
0.002190730406437069
0.002180719398893416
0.0022293521906249225
0.0022245818050578236
0.002232315205037594
0.002190485002938658
0.0021751363994553683
0.0022262000013142822
0.002238338999450207
0.0022351898020133375
0.0022315160022117198
0.002187385398428887
0.0022206605994142593
0.0022341063944622875
0.00222623780136928
0.0021810000063851474
0.00221942380303517
0.002181188005488366
0.0022223358042538165
0.002178535400889814
0.0022374731954187153
0.002229071396868676
0.0022240338032133876
0.002183188800700009
0.0022225032094866037
0.0022210777970030904
0.002592746797017753
0.002219870989210904
0.002223184600006789
0.0021830084035173057
0.0021806878037750723
0.0022187890019267796
0.00221893519628793
0.002220315800514072
0.002222985203843564
0.0021776114008389413
0.0022249525994993747
0.002217052399646491
0.002220928808674216
0.002179021993651986
0.0021715718088671566
0.002223416790366173
0.0022206071997061374
0.002223538001999259
0.0022233787924051283
0.0022171657998114823
0.002255068009253591
0.002183564403094351
0.00222762479679659
0.0022290666005574168
0.0022801087936386464
0.0022693114005960524
0.0029058131971396507
0.002223051793407649
0.0022217735997401176
0.0021857601939700546
0.002224211592692882
0.0021813163999468087
0.002221121999900788
0.0022759384009987116
0.0022264205967076124
0.0022112458012998105
0.0022122747963294388
0.002264485601335764
0.0022119406028650703
0.0022211898001842202
0.0022616334026679397
0.0022152532008476557
0.0022203291999176146
0.0022643361939117313
0.002249639201909304
0.0022165599977597593
0.002213022008072585
0.0021871663979254664
0.0022570478031411767
0.002204478799831122
0.002259509009309113
0.0022294009919278323
0.0022182839922606943
0.00225860879290849
0.00284653160488233
0.002214483998250216
0.0022152630030177534
0.0022194914054125547
0.0022150094038806854
0.0022322741919197143
0.002233178203459829
0.002192006597761065
0.002229055797215551
0.002227367600426078
0.002231141400989145
0.002233494003303349
0.002234247396700084
0.0022342856042087077
0.0022300440003164114
0.0022231923998333515
0.0022209038026630877
0.002224097796715796
0.002175641804933548
0.002232761192135513
0.002229581796564162
0.002221003803424537
0.0022199584054760635
0.002226393995806575
0.0022344217984937133
0.0022284161997959016
0.0022282355930656195
0.0021829040022566916
0.0021779229980893435
0.0021932682022452353
0.0027771963970735667
0.0022680221940390767
0.0022617647890001537
0.002289049595128745
0.002214152191299945
0.0022145901923067866
0.002214238594751805
0.00225605700397864
0.002263158594723791
0.002262173197232187
0.0022193866083398462
0.002263415604829788
0.002212266204878688
0.0022519240039400755
0.002216007804963738
0.0022562181926332413
0.0022134167957119644
0.0022128105978481472
0.00226689379196614
0.0022601920063607395
0.0022209412069059908
0.0022185690002515914
0.002258179592899978
0.0022681962000206113
0.0022223777952603994
0.002265761001035571
0.002212804602459073
0.0022755844052881
0.002276175399310887
0.002223373402375728
0.002252719399984926
0.0022157825995236637
0.002215868409257382
0.0022606779937632384
0.0022569664055481554
0.0022554829949513076
0.0022533531999215485
0.0022501075989566745
0.0022444391972385345
0.002200007997453213
0.002242153009865433
0.002252372202929109
0.0022295768023468552
0.002193847391754389
0.002239904995076358
0.0022414256003685296
0.0022468999959528446
0.0022012782050296665
0.002201886591501534
0.002264774404466152
0.0022664107964374125
0.0022797581972554327
0.0022765801986679435
0.0022762550041079523
0.0022676147986203433
0.002268641209229827
0.0022751076030544937
0.002275796001777053
0.002270976407453418
0.0022873355890624227
0.002283450006507337
0.002276657405309379
0.0022177101927809417
0.0022757279919460418
0.002277252997737378
0.0022265710053034128
0.0022633304004557432
0.0026281949947588147
0.0022720440058037637
0.0022714206017553805
0.0022214886033907534
0.0022267222055234017
0.0022228532005101444
0.0022277247975580395
0.002270242408849299
0.0022782437968999147
0.0022708402015268804
0.0022612478001974522
0.0022794639924541117
0.002268397598527372
0.0022655452019535007
0.0022807187982834876
0.0022683971910737455
0.0022675311891362073
0.002263541205320507
0.0022769655915908515
0.002270787407178432
0.002277207002043724
0.0022671910002827643
0.002296006807591766
0.002285881189163774
0.002221794589422643
0.002222310600336641
0.002234741800930351
0.0022239136043936012
0.0022723970003426077
0.002237004996277392
0.002259400801267475
0.0022586753941141067
0.0022821915918029845
0.0029289584024809303
0.0022671204060316086
0.0022684392053633927
0.0022698623943142593
0.0022629763931035995
0.0022792589967139064
0.0022261339938268064
0.002217046602163464
0.002262466191314161
0.0022597983945161102
0.0022652373998425903
0.0022675734013319015
0.002209450607188046
0.0022656355984508993
0.002277169201988727
0.0022688293945975603
0.0022318530012853444
0.0022794535965658725
0.002274179190862924
0.002266377198975533
0.0022174414014443757
0.0022309561958536507
0.0022610893938690424
0.0022727954084984956
0.0022206340101547537
0.002227719803340733
0.0022217915975488722
0.002268451196141541
0.0022707452066242696
0.0022760463994927703
0.002259820606559515
0.0022195690078660847
0.002267147006932646
0.0022236916003748773
0.002262038399931043
0.002213563397526741
0.0022208500071428717
0.0029946197988465427
0.0022370377904735506
0.0022136565996333955
0.002222571603488177
0.002223505999427289
0.002268375805579126
0.00226261360803619
0.0022664596093818546
0.0022133706021122634
0.0022161747911013663
0.0022680707974359394
0.0022157015977427364
0.0022600810043513775
0.002223425800912082
0.002218727197032422
0.0022581008030101656
0.002266281400807202
0.002264655602630228
0.00226840180112049
0.002225956798065454
0.0022621073992922904
0.0022619529976509512
0.0022574848029762507
0.0022659934009425344
0.0022619491908699276
0.002264602796640247
0.0022295905975624917
0.0022736805956810715
0.0022683670045807957
0.0022654814063571395
0.0022601229953579604
0.0022166598006151616
0.0022624384029768406
0.0022622952004894615
0.0022574385977350174
0.002260093798395246
0.002266697003506124
0.0026460399967618287
0.002272442798130214
0.0022091398015618323
0.002273492398671806
0.0022176331956870856
0.0022238011937588454
0.0022699304041452705
0.00222341240150854
0.00221947159152478
0.0022130825906060635
0.0022186872083693743
0.002257681603077799
0.0022614986053667964
0.0022587960003875194
0.0022662439965642988
0.002269180794246495
0.0022578823962248864
0.00226467460161075
0.0022140169981867074
0.0022622852004133163
0.0022621957934461532
0.0022796654026024043
0.002265009609982371
0.00226760400692001
0.0022738781990483403
0.0022651554085314275
0.002265446807723492
0.002271334594115615
0.0022754026111215355
0.002269680600147694
0.0022670064005069434
0.0022223722073249517
0.0022614301997236907
0.0022218758007511497
0.0022710199933499097
0.002270686801057309
0.0022780440049245954
0.002276807592716068
0.0022256818017922344
0.0022726727998815476
0.0022679393994621934
0.0022717520012520255
0.002269482403062284
0.0022233947995118795
0.002225847193039954
0.002263230411335826
0.0022732764016836883
0.0022728384006768464
0.002276775403879583
0.0022749703959561883
0.002270218590274453
0.002279620198532939
0.002226110000628978
0.0022265944047831
0.0022301529999822376
0.0022606566082686184
0.002269505604635924
0.0022719747968949376
0.002271268400363624
0.0022293188027106225
0.0022651910083368422
0.0022715948056429625
0.002259851398412138
0.002269919402897358
0.002220370003487915
0.002267696603666991
0.0022660991991870104
0.002227367402520031
0.0022737288032658397
0.002268867800012231
0.002255282201804221
0.0022203499916940927
0.0022168918047100307
0.002261807199101895
0.0022324263933114707
0.0022258799988776447
0.002258933603297919
0.0022159048006869853
0.002270589396357536
0.00222311980323866
0.0022332563996315
0.002216089004650712
0.0021773563930764794
0.0022262015962041916
0.0021841821959242224
0.002218464796897024
0.002180449210572988
0.0022298411931842566
0.0021826345939189194
0.0022394938045181335
0.0022422878071665766
0.0022301019984297455
0.002220567804761231
0.00218152420129627
0.0022312029963359238
0.0021938062040135265
0.0022176966071128846
0.002223775803577155
0.0022251050104387105
0.0022201101994141935
0.0022206609952263533
0.0021837044041603804
0.0021810866077430547
0.0021820230060257016
0.002181117597501725
0.0021806524018757045
0.00217805840075016
0.0021765051991678775
0.002215747395530343
0.0022218232043087482
0.00223163899499923
0.0022551796049810947
0.00225500559899956
0.002257736399769783
0.0022523363935761155
0.002254300599452108
0.002211916202213615
0.0022514696000143887
0.002212986210361123
0.0022145202034153043
0.002258167404215783
0.0022633871994912624
0.002205579192377627
0.0022162094013765455
0.0022547352011315523
0.0022580950055271385
0.0022116315900348126
0.0022098578047007322
0.0022427497897297144
0.0022304021986201406
0.0022616173955611885
0.0022661910043098032
0.0022882875986397267
0.0022207005997188388
0.002243507199455053
0.002217635593842715
0.002255983999930322
0.0022083961986936627
0.0026264799991622565
0.002251657203305513
0.0022512807976454497
0.002255960204638541
0.002201803796924651
0.002210958593059331
0.002255435998085886
0.0022610370069742203
0.002253753400873393
0.002261042792815715
0.0022185451933182778
0.0022126074065454302
0.0022152673918753862
0.0022600465919822453
0.002254580007866025
0.002255889598745853
0.0022140488028526304
0.002260120597202331
0.002220046997535974
