average_runtime 0.0005417343300097674
0.0005486025998834521
0.000571863999357447
0.0005405507516115903
0.0005402968497946858
0.0005421211011707783
0.0005417947511887177
0.0005390149482991547
0.0005389100493630395
0.0005395752988988534
0.0005420223984401673
0.0005409563484136016
0.0005391137499827891
0.000541689500096254
0.0005418705986812711
0.0005401615489972755
0.0005645844503305852
0.0005400238005677238
0.0005403175513492897
0.0005392205988755449
0.0005393879517214372
0.0005395435990067198
0.000539572347770445
0.0005396646505687386
0.000539846348692663
0.0005389557481976226
0.0005383701500250027
0.0005407270014984533
0.0005401983013143763
0.000541565302410163
0.0005375612498028203
0.0005389487516367808
0.0005380671995226294
0.0005393294501118362
0.0005402588489232585
0.0005392794497311115
0.0005398339009843767
0.000538724850048311
0.0005384904012316838
0.0005382931500207633
0.00053883190266788
0.0005391503014834598
0.0005385033000493422
0.000540285199531354
0.0005402098002377897
0.0005389012978412211
0.0005386799515690654
0.0005388757504988462
0.0005399308487540111
0.0005384018499171361
0.0005392267979914322
0.0005392285995185376
0.0005387413984863088
0.0005385094496887177
0.0005376318498747423
0.0005393586005084216
0.000539639251655899
0.0005389597499743104
0.0005375730484956876
0.0005387282988522201
0.0005400022491812706
0.0005401861504651606
0.0005365693505154923
0.000539633198059164
0.0005389392987126485
0.0005390784499468282
0.0006040195992682129
0.000538058951497078
0.0005388689489336685
0.0005381956987548619
0.0005398214503657073
0.0005378598492825404
0.000539235898759216
0.000549406951176934
0.0005391279992181808
0.0005408277997048571
0.0005375321517931298
0.0005391804501414299
0.0005410285986727104
0.0005412005994003266
0.0005387795506976544
0.000538091899943538
0.0005402849987149238
0.0005389687488786876
0.0005386262026149779
0.0005979875015327707
0.0005376438988605514
0.0005397976987296715
0.0005367078993003815
0.0005399263987783343
0.0005391543003497645
0.0005378507019486278
0.0005389737983932718
0.0005390093021560461
0.0005386861506849527
0.0005382765986723826
0.0005387885496020318
0.0005404701485531404
0.0005391702492488548
0.0005393831990659237
0.0005391742015490308
0.0005399267509346827
0.000539260302321054
0.0005401334492489696
0.0005403237009886652
0.0005401087517384439
0.0005394669511588291
0.0005387782002799213
0.0005398505512857809
0.0005402481503551826
0.0005389653524616733
0.0005391484999563545
0.0005386315489886329
0.0005400599475251511
0.0005388632009271533
0.0005391926009906456
0.0005395813495852053
0.0005382931994972751
0.0005406226497143507
0.0005395443993620574
0.0005380757502280176
0.0005399963003583253
0.0005398474488174543
0.0005392044520704075
0.0005378852481953799
0.0005395977001171559
0.000539134451537393
0.0005390667007304728
0.0005380786984460429
0.0005380429996876046
0.0005384258984122425
0.0005387551995227113
0.0005389864993048832
0.0005394655483542011
0.0005381460476201027
0.0005389864003518596
0.0005380098999012261
0.0005390500009525567
0.0005372032494051382
0.0005397222994361073
0.0005389246507547796
0.0006310927012236789
0.0005371042498154566
0.0005390496487962082
0.0005392440478317439
0.0005427608994068578
0.0005375173495849594
0.0005402311013313011
0.0005394573003286496
0.000538958449033089
0.0005387975979829207
0.000539340649265796
0.0005384709977079183
0.0005373816005885601
0.0005390286474721506
0.0005389207479311153
0.000538578350096941
0.0005367485515307635
0.0005391630518715828
0.0005381902999943122
0.0006628678500419482
0.0005275155999697745
