average_runtime 0.002146606390667148
0.0019533090002369136
0.0019745760015212
0.0019801970513071863
0.002152252398082055
0.0019933333998778833
0.0021512720006285234
0.001975126948673278
0.00216302250046283
0.0019787455996265633
0.002153104098397307
0.00222045730042737
0.0021529389487113804
0.00215161350206472
0.0022274426999501886
0.0019775988475885242
0.0021648727502906694
0.002226272752159275
0.002162872947519645
0.0021539817505981775
0.002157120700576343
0.0021595207479549574
0.00214617614983581
0.0021511441504117102
0.0022437151026679205
0.0021485610515810548
0.002152612851932645
0.0021791944513097406
0.0019764992990531026
0.0021583210007520394
0.002148083399515599
0.0021493000007467345
0.0021531068487092853
0.0022531304508447646
0.0021513950487133116
0.00214593195123598
0.002149117601220496
0.0021467904007295147
0.002258762449491769
0.002144262249930762
0.002147928049089387
0.0021515768516110257
0.0020365929492982106
0.0019729705003555865
0.0021515759988687934
0.0021561081521213055
0.0019752986496314406
0.0022043940523872154
0.002149337698938325
0.002150192350381985
0.0021483772521605714
0.0021495377994142474
0.0021600820502499117
0.0021489838021807373
0.0021459387498907745
0.0021462241507833823
0.0022047381004085763
0.002156946950708516
0.0021489147999091073
0.0021466812497237696
0.00215914300060831
0.002246224199188873
0.002147693748702295
0.0021472391003044323
0.002147128898650408
0.0021470760024385528
0.002147544949548319
0.002144832001067698
0.0021489421982550994
0.0021481838484760374
0.002149432900478132
0.002258849548525177
0.0021456791495438666
0.0021454351488500835
0.0021479363000253215
0.0021423258993308993
0.0022614509012782945
0.0021443632518639787
0.0021443083009216935
0.001972761898650788
0.0021473073022207243
0.0022137516003567725
0.0021471120475325734
0.002144922350998968
0.0021450858504977076
0.002144064649473876
0.0022260332509176804
0.002146888300194405
0.002150505501776934
0.0021476559981238098
0.0021440466487547384
0.002147345751291141
0.002149064949480817
0.002145101799396798
0.002144432548084296
0.0022258526500081644
0.002147556748241186
0.0021455326001159846
0.00214522294991184
0.0021452442510053516
0.002145728300092742
0.0021453625988215206
0.0021461935510160403
0.0021426799998153
0.0023558660002890976
0.0021471767482580616
0.0021459010487888007
0.002152597700478509
0.002144555450649932
0.0021678668999811634
0.0021444418001919986
0.0021444657002575697
0.002145645150449127
0.0022608449013205244
0.0021433379501104356
0.002141304750693962
0.0021416556497570126
0.0021422783000161873
0.002151746250456199
0.002138766000280157
0.0022422247508075087
0.0019775282009504734
0.0021450276515679436
0.002146643749438226
0.0021449370484333484
0.0021464430523337797
0.002148196549387649
0.002155198800028302
0.0021450594998896123
0.002145491651026532
0.002153097599511966
0.002147043851437047
0.002147250948473811
0.002144764899276197
0.0021443280478706584
0.0021427565487101676
0.00214350564929191
0.002141720100189559
0.002147766400594264
0.0021457083988934756
0.0021476381516549736
0.0021480187482666225
0.002146228647325188
0.002152864000527188
0.00214580959873274
0.00214497554989066
0.0021446190017741173
0.002148936199955642
0.0021512206498300658
0.002144218049943447
0.0021441955992486327
0.002145934698637575
0.0021440918499138206
0.00214431275089737
0.0021447287494083867
0.002147014898946509
0.0021551826503127813
0.0021456354996189477
0.0021459537994815035
0.002151146499090828
0.0021541925496421756
0.0021473147993674503
0.002150853700004518
0.002144274950842373
0.002146300647291355
0.0021496947505511344
0.002149267800268717
0.002149893849855289
0.002146260952576995
0.002149048348655924
0.0022606106998864562
0.0021498726477148012
0.00214822345005814
0.0021556033520027996
0.0021481764008058233
0.0021553383994614705
0.002156066847965121
0.002150257001630962
0.0022700971516314895
0.002143659701687284
0.0021427697502076626
0.0021519759990042075
0.0021405764011433346
0.002145305500016548
0.0021440087497467176
0.002221598901087418
0.002294226799858734
0.0021419420489110054
0.002140696652350016
0.0021443645498948173
0.0021760096977232026
0.0021415677008917557
0.0022164575522765516
0.0021479969000210986
0.002144770449376665
0.0021443666017148645
0.002149361700867303
0.002146061952225864
0.002151457199943252
0.0022200242994586004
0.002143112599151209
0.0021449142514029518
0.002144248949480243
0.002144206198863685
0.0019685976498294623
0.002142357500270009
0.0021536501502851025
0.002143493600306101
0.0021408337517641483
0.002139577449997887
0.002142817000276409
0.0021416779491119087
0.0021428333973744886
0.002145723599824123
0.0021429493004688992
0.0021382215491030365
0.0021391657006461172
0.0021412517002318055
0.0021390360489021987
0.0021408848493592813
0.0021396835014456882
0.002157693199114874
0.0021383850020356477
0.0021427688508993013
0.002138124901102856
0.002140225548646413
0.0021395040996139867
0.0021359423495596274
0.002166818900150247
0.0021283755486365408
0.0021319563500583174
0.0021307602524757384
0.0021329581999452786
0.0021318715997040273
0.0021334538003429772
0.002236990549135953
0.0021317891514627263
0.0021303099521901457
0.0021398284006863832
0.0021321610489394515
0.0021316843980457635
0.0021312644996214656
0.0021386497508501636
0.002132461901055649
0.0021331967000151053
0.0021279116481309757
0.002236654149601236
0.0021260743524180725
0.002129565551877022
0.00213001774973236
0.0021311658521881325
