average_runtime 0.001998193517851178
0.0019802097929641606
0.0019534302060492336
0.0019304559915326535
0.001939512405078858
0.0019535212079063056
0.0019333395990543067
0.0019675550051033498
0.001988186000380665
0.0019757781992666423
0.001942241203505546
0.0019509980105794967
0.0019295903970487417
0.001968233590014279
0.001951172191184014
0.00195302419597283
0.0019599586026743054
0.0019420319935306908
0.0019543283968232574
0.0019581989967264236
0.001992517791222781
0.0020362401963211598
0.0020115982042625546
0.0019499454065226018
0.001915790804196149
0.001900935999583453
0.00201170319924131
0.0019438692019321025
0.0019374413997866214
0.0019711421919055283
0.0019636187935248017
0.0019482387928292156
0.0019523121998645365
0.0020272184046916664
0.0019633948104456067
0.0019868243951350452
0.0019821888068690895
0.0019659710000269116
0.001995868200901896
0.002047255402430892
0.0020032508065924047
0.0020108539960347117
0.0019874971942044793
0.0020068117999471726
0.0020061627961695193
0.001990095200017095
0.0019877020036801695
0.002015868807211518
0.0020162505912594496
0.0020177375990897417
0.001985862001311034
0.001986708608455956
0.001983845396898687
0.001966913801152259
0.002028995391447097
0.002023669797927141
0.001988246198743582
0.001992536592297256
0.00199600599007681
0.00199912580428645
0.0020033182110637425
0.0019885447924025356
0.0019861508044414222
0.0019794236053712667
0.0019985106075182555
0.0020157466060481966
0.0020350210019387306
0.0019869101932272317
0.0020086237927898765
0.001997586200013757
0.00202478040009737
0.001985103404149413
0.001992044993676245
0.0019955227966420353
0.0020083565963432194
0.0019882082007825373
0.0022990930010564625
0.0019850885961204766
0.002021025400608778
0.0020026249927468597
0.002044092398136854
0.0020019120071083306
0.00201601239386946
0.00199823739239946
0.001976304198615253
0.00200932240113616
0.0019951014081016185
0.0020045574055984616
0.0019849678035825493
0.002002455003093928
0.002006403997074813
0.001971547002904117
0.0020531179965473712
0.0020145294023677708
0.0020262132049538193
0.0020234076073393226
0.0019839718006551266
0.002026789600495249
0.002001544809900224
0.002032158605288714
0.0019974295981228353
0.002008119400124997
0.002003320201765746
0.001991365395952016
0.001984954799991101
0.0019799224101006985
0.0019873357960022986
0.002013107610400766
0.0019770685932599006
0.0019774888060055673
0.0019797213957645
0.001961105805821717
0.0019467681995593011
0.0019573465920984744
0.0019616988021880387
0.001956636004615575
0.001978695602156222
0.0020107542048208417
0.002008800394833088
0.001991283800452948
0.0019958794000558555
0.0019797306042164562
0.001958024606574327
0.0019589341944083573
0.0019465622026473284
0.0019695608061738312
0.0019576345919631423
0.001979500404559076
0.0019939178018830717
0.001994472602382302
0.0020044528064318
0.0020294400048442183
0.001994322601240128
0.002007954998407513
0.0019595490070059896
0.0019520138041116298
0.0019467944046482443
0.0019272270030342043
0.0019855569931678473
0.0019669504021294416
0.0019708883948624132
0.00197359659941867
0.001992075005546212
0.001990685798227787
0.0019653826020658016
0.0019827964017167686
0.002020946401171386
0.0019879809929989277
0.002000019000843167
0.001968257804401219
0.0020110692013986407
0.001993419392965734
0.001994861592538655
0.0020119988010264935
0.001970388402696699
0.001994156197179109
0.002018415799830109
0.0020086847944185138
0.0020225598011165856
0.002009895595256239
0.0020068648038432
0.0019795565982349216
0.0019801034010015427
0.001974470401182771
0.001990758196916431
0.0019737476017326117
0.0019907293957658113
0.0019676784053444863
0.0019895380013622344
0.0020075678010471167
0.001986372598912567
0.0019696608069352806
0.0019576010061427953
0.0019932179944589733
0.0019634585944004355
0.00201234919950366
0.0020328702055849137
0.0020331496023572983
0.0020340646035037933
0.002028980804607272
0.001996070006862283
0.001965064404066652
0.0020225950051099063
0.0019907283945940434
0.0019729411927983166
0.002025906590279192
0.002000884001608938
0.0020501754013821484
0.002023704198654741
0.002041785593610257
0.002021681796759367
0.0020197154022753238
0.002007577009499073
0.002019802795257419
0.002002065198030323
0.001981775800231844
0.0020094742067158222
0.0019875422003678977
0.002000070794019848
0.0020108480006456376
0.002021697803866118
0.001999803993385285
0.0019875447964295746
0.00200485639506951
0.0020236251992173495
0.0020251576090231536
0.002042232407256961
0.0020315602072514594
0.002023610204923898
0.0020109853940084577
0.0019738454022444783
0.0019459084025584162
0.001980555197224021
0.0020262215984985232
0.002077940804883838
0.002037973597180098
0.0020540805999189615
0.0020208126050420107
0.0020001291995868087
0.0020137227955274286
0.002014551998581737
0.0020341958035714923
0.0020183724001981316
0.0020111578051000834
0.0019999400014057756
0.0020083449897356333
0.001964969211257994
0.0019622705993242564
0.001987976604141295
0.001980898203328252
0.001962823199573904
0.0019517002045176923
0.0019490396021865307
0.0019397305906750262
0.0019479027949273586
0.0019818724016658963
0.001976301404647529
0.0019712715991772713
0.0019710836000740527
0.001961797394324094
0.0019713634043000638
0.0019969413988292217
0.0019532378064468503
0.001957315392792225
0.0019756602006964384
0.001976409601047635
0.001956896809861064
0.0019635518081486227
0.001973955403082073
0.0019692924106493592
0.0019644399988465013
0.00196565919322893
0.001968712592497468
0.001982248795684427
0.0020139164058491587
0.002036786999087781
0.0020351179991848767
0.002025752398185432
0.002021455205976963
0.001983508199919015
0.001976654794998467
0.001990026992280036
0.002051976800430566
0.0020366139942780137
0.002031828195322305
0.0020285747945308686
0.00200131960446015
0.002013591199647635
0.0020161994034424424
0.0020172641961835325
0.0019811487989500167
0.001987558405380696
0.0019789100042544305
0.001958752202335745
0.0019584701978601514
0.0019508323981426655
0.0019728458020836113
0.001963844196870923
0.0019720408017747104
0.001957333798054606
0.0019901555962860583
0.0019860469968989492
0.0019813307910226284
0.0019712661975063383
0.0019611951895058153
0.0019878205959685145
0.0019685054081492125
0.0019696247996762394
0.00198101419955492
0.0019773800042457877
0.001985488599166274
0.0019911036011762916
0.0020067814039066434
0.001983299804851413
0.001987622200977057
0.0019718663999810813
0.0019655106007121503
0.0019492611987516283
0.0019630433991551397
0.0019491442013531922
0.0019546624040231108
0.002008007001131773
0.002033654798287898
0.002038723404984921
0.0020412187906913458
0.0020356917986646293
0.0020349269965663553
0.002026547002606094
0.0020181903964839876
0.002033806196413934
0.001999172195792198
0.0020392764010466633
0.001977667398750782
0.001978714996948838
0.0019392116111703217
0.002005961805116385
0.001971410401165485
0.0019867624039761724
0.001992463006172329
0.0020007448038086295
0.002013454004190862
0.001984162989538163
0.0020144438021816313
0.002003864198923111
0.001971662207506597
0.0020056335953995584
0.0020286974031478167
0.0019984069978818296
0.0019779477966949343
0.001958144793752581
0.0019778424059040843
0.001988077803980559
0.0020245373947545887
0.001980216207448393
0.001969580596778542
0.001982654805760831
0.001968831196427345
0.0019472441985271872
0.001957876607775688
0.001953546202275902
0.0019340676022693514
0.0019416318042203783
0.001987515192013234
0.0019845559960231184
0.0020076657994650303
0.002004384796600789
0.0019758289912715555
0.001965858810581267
0.0019475502078421414
0.0020090332021936775
0.0020021661999635398
0.0019717176095582546
0.001989007997326553
0.0019680915982462467
0.0019587981980293987
0.0019606578047387303
0.001973871793597937
0.001953855203464627
0.0019526668009348213
0.0019791870028711854
0.0020037857932038603
0.0019822509959340094
0.001988322800025344
0.0019776994013227522
0.0019731289939954877
0.0019904265995137394
0.0019879786064848303
0.001969864801503718
0.0019819820066913963
0.0019834120059385894
0.001955190789885819
0.001987170206848532
0.001967845798935741
0.0019764488097280264
0.0019662498030811547
0.0019504875992424787
0.0019757081987336277
0.001981423993129283
0.0020520207937806843
0.0020290241925977172
0.0020156019949354232
0.0020612644031643866
0.002066186803858727
0.0020575567963533104
0.0020579088013619184
0.002048648602794856
0.002062890399247408
0.0020346633973531425
0.002035474602598697
0.0020432215998880563
0.0020533659961074592
0.0020411454024724662
0.0020122194080613555
0.0020298887975513935
0.0020010474021546544
0.0020412788027897475
0.0020227918052114547
0.0020318274036981165
0.002062809595372528
0.002014213800430298
0.002002796798478812
0.002054082602262497
0.002022998803295195
0.002063180005643517
0.0020083685987628995
0.002086883201263845
0.0020534983952529727
0.0020309616113081573
0.0020536446012556554
0.0020538571989163756
0.002025238994974643
0.002050525601953268
0.002023753407411277
0.002022182196378708
0.001998526800889522
0.0019932384020648897
0.002032017393503338
0.0020049291895702483
0.002034893399104476
0.0020115316030569373
0.002036754391156137
0.001991341600660235
0.0019804405979812144
0.0020317933987826107
0.0020284119993448256
0.002050037810113281
0.00202815739903599
0.0020267165964469314
0.002005799801554531
0.002041328803170472
0.001994237198960036
0.0027532277978025376
0.0019782352028414607
0.001975242397747934
0.0019894814002327623
0.0019983830046840013
0.002057035395409912
0.0019996140035800636
0.0019906778004951777
0.0020379962050355973
0.0020077493973076344
0.0020225408021360635
0.002063741208985448
0.002082572993822396
0.002022912004031241
0.0020307252067141234
0.0019905389985069633
0.001991021796129644
0.0023112518014386297
0.002036001405213028
0.0020454950048588217
0.0020307224011048676
0.002008536399807781
0.0020049063954502345
0.0020086874021217225
0.0019929696107283236
0.001997171202674508
0.002022495598066598
0.0020195620018057525
0.0019935364020057023
0.0020136549952439963
0.0019794511958025397
0.0019800044014118613
0.001973327004816383
0.00197825760114938
0.001973910990636796
0.002003171807155013
0.0019691113964654507
0.0019561007968150078
0.0019817079999484124
0.0019725113990716634
0.001969306799583137
0.0019717989955097435
0.0019741875934414566
0.0019815132021903993
0.0019402618054300547
0.001942794001661241
0.001928193203639239
0.0019654831965453924
0.001952599606011063
0.0019577748025767505
0.0019458556082099677
0.0019401954021304845
0.0019347311928868294
0.001948868192266673
0.0019450604100711643
0.0019638663972727953
0.001957393204793334
0.0019553818041458727
0.0019400594057515264
0.001948399597313255
0.002026402798946947
0.002030567394103855
0.0020588177954778074
0.0020179955987259745
0.001982366410084069
0.0019725663936696947
0.0019690318033099173
0.001996674807742238
0.0020105420029722155
0.0019937351928092538
0.0020031118066981433
0.002006695605814457
0.0019872031989507377
0.0019677931908518077
0.0019711524015292524
0.001990138192195445
0.0019546171999536453
0.001979050599038601
0.001964530989062041
0.001985320600215346
0.001991206395905465
0.0019693813985213636
0.00199849340133369
0.0019785742042586207
0.0019795031985267997
0.0019841787987388672
0.00196825839811936
0.001964582793880254
0.001981505600269884
0.0019689275999553502
0.00197883399669081
0.0019818417960777877
0.001965279004070908
0.001966903998982161
0.0019838941982015966
0.0019660186022520064
0.00197217739187181
0.001973236806225032
0.0019674186012707652
0.0019645259948447348
0.001968921406660229
0.00198578059207648
0.001966071000788361
0.0020038191927596928
0.0019887064001522957
0.0020011883927509187
0.0019903612090274693
0.0020441349945031105
0.001992691005580127
0.0020367025979794564
0.0020211345981806517
0.0020221131970174612
0.002008453605230898
0.0020032639964483677
0.002017551800236106
0.0020057327928952873
0.0019690525950863957
0.0020053334068506957
0.002013500197790563
0.0020198593963868918
0.0019808303914032876
0.0020063015981577337
0.00201102759456262
0.0020371129969134925
0.0020374057930894196
0.0020327406004071237
0.002018981601577252
0.0020067776087671517
0.0020370074082165955
0.0020034409943036737
0.002005974797066301
0.0019908554037101566
0.0019804414012469353
0.002021816000342369
0.002003430807963014
0.0019620792008936405
0.0019549640011973677
0.001965592009946704
0.0019796470063738526
0.0020138843916356563
0.0019871067954227327
0.0019833481987006963
0.0019756629946641622
0.0019732660031877456
0.001954858796671033
0.0019588088034652174
0.0019604275934398175
0.001962726202327758
0.001995609002187848
0.0019688055966980756
0.0019925966043956578
0.0020494773983955384
0.002022861607838422
0.001992354402318597
0.001970219402574003
0.001985478401184082
0.0019941758015193044
0.0019862464047037064
0.0019820993999019264
0.001968112995382398
0.0019951174035668373
0.0019952514092437925
0.0019825653987936677
0.001969631400424987
0.0019866992020979523
0.001974618399981409
0.0019847505958750845
0.0020169812021777036
0.0020658977911807595
0.0019998081959784033
0.002002505399286747
0.0020082467934116723
0.001992377603892237
0.002020927600096911
0.0020293937996029854
0.0020079043926671146
0.001995124202221632
0.0020000843913294377
0.001996631594374776
0.0020046593970619144
0.0019906094064936044
0.0020104901981540025
0.002014796598814428
0.002058525593020022
0.0020159373991191385
0.0020327868056483566
0.002032312599476427
0.00203093639574945
0.0020264907972887157
0.0020125093986280264
0.002033933997154236
0.0020364106050692497
0.002008967800065875
0.002043977798894048
0.002078395802527666
0.0020323203993029893
0.002072793000843376
0.0020854953909292817
0.002040881395805627
0.0020367277902550995
0.002029543009120971
0.0020541239995509387
0.002051298599690199
0.0020378270070068537
0.002018196799326688
0.002034244197420776
0.0020370301906950774
0.0020169987925328313
0.002045487193390727
0.002046428399626166
0.002037706202827394
0.0020435041980817912
0.002015770401339978
0.0020568324020132423
0.0020524833933450283
0.0020532810012809932
0.0020179487997666
0.0020258961943909527
0.0020701757981441914
0.0020438898005522787
0.002032175601925701
0.0020650228019803763
0.002057102206163108
0.0020484130014665424
0.002046575606800616
0.0020475384080782533
0.0020488991984166207
0.002029416605364531
0.002439800405409187
0.0020296302041970193
0.0020217346027493477
0.0020401951973326505
0.002001025201752782
0.0020371456048451364
0.0020239611971192063
0.0020164275891147556
0.0019877358106896283
0.002077470801305026
0.00201609639916569
0.00201699041062966
0.0020156977931037544
0.0020372992032207547
0.002009596989955753
0.002028040203731507
0.002019116806332022
0.001971855596639216
0.0019940658006817103
0.0019754988024942577
0.002025324001442641
0.002045629406347871
0.0020395100000314415
0.0020276013994589446
0.001990110392216593
0.0020102117909118534
0.0020092342048883436
0.0020543084014207126
0.002019092603586614
0.0020263580023311078
0.0020143346046097577
0.0020321490010246634
0.00197142600081861
0.002016738406382501
0.0019807617994956673
0.0020534244016744197
0.002081717399414629
0.002023222006391734
0.002006955607794225
0.0020159454084932803
0.002002204000018537
0.0019771130057051776
0.001996210601646453
0.0020011632004752755
0.001981720596086234
0.0019603858003392816
0.0019830115954391657
0.0019959314027801155
0.0019750184030272065
0.0019808026030659676
0.0019596386002376674
0.001958760409615934
0.001969194202683866
0.0019506837939843535
0.0019421784090809524
0.0019457522081211208
0.001932161406148225
0.0019285448011942207
0.0019593161996454
0.0019453670014627279
0.0019681793986819685
0.0019348744070157408
0.001955355005338788
0.0019524486036971212
0.001954991207458079
0.0019533828017301857
0.0019381321966648103
0.0019353013951331377
0.0019477167981676758
0.0019478767993859948
0.001966374600306153
0.001961837406270206
0.0019446111982688308
0.0019495761953294277
0.0019408654072321952
0.0019493367988616228
0.0019504726049490273
0.0019954020041041075
0.001993143605068326
0.0020125688053667544
0.0020010579959489406
0.0019720828044228257
0.0019586763926781716
0.001964541198685765
0.002004553796723485
0.0020152677898295224
0.0019868235918693244
0.0019814411993138493
0.002024043002165854
0.001962048001587391
0.0019615390105172993
0.0019567836076021194
0.0019562570028938352
0.0019461871939711272
0.0019539610017091035
0.0019391637993976473
0.0019340417929925025
0.0019386254018172622
0.0019361256039701403
0.001933860406279564
0.0019219491980038584
0.0019393005990423263
0.0019481524010188877
0.0019307414069771767
0.0019250078010372817
0.001965587795712054
0.0019521096022799612
0.0019359287922270595
0.0019704123958945276
0.001936004194431007
0.001932139997370541
0.0019372865906916558
0.0019233559956774115
0.0019269621931016444
0.0019209629972465336
0.0019286692026071251
0.001932351803407073
0.00192722660722211
0.001919741800520569
0.001990209997165948
0.0019516255939379334
0.0019404835999011993
0.0019569324096664785
0.001955299195833504
0.0020236112060956655
0.0020362430019304155
0.002025878999847919
0.0020018729963339867
0.00202628179686144
0.0020183549961075185
0.0020185996079817416
0.002014078001957387
0.0020305883954279125
0.002003110607620329
0.0020085268071852623
0.0019841457949951293
0.002031520602758974
0.002040249202400446
0.001994982606265694
0.0020253950031474234
0.002017146395519376
0.002051789197139442
0.002005339995957911
0.0019923440064303576
0.0020279054064303637
0.0020383283961564304
0.0019761778065003456
0.0020508656045421956
0.0020195099990814925
0.002005050191655755
0.0020228261942975222
0.002026478201150894
0.0020256480085663496
0.0019952305941842497
0.0019617703976109622
0.001960481598507613
0.0019814849947579205
0.0020131313940510154
0.0019937418051995336
0.001998308196198195
0.002005997009109706
0.002025648404378444
0.0019964792067185045
0.0020000278018414974
0.0019871975993737577
0.001984148402698338
0.0020086197997443377
0.0019865422043949367
0.002007627801503986
0.0020265992032364013
0.00204447319265455
0.0020148194045759736
0.0020289261941798032
0.0019935945980250835
0.0019801678019575773
0.002060742594767362
0.001997310796286911
0.0019831873942166567
0.00200257160468027
0.0019827540032565593
0.0019732684013433754
0.001993211405351758
0.0019697037991136313
0.0019671440008096398
0.0019990312051959337
0.0019756040070205926
0.0020327965961769224
0.0020239587989635765
0.002017335791606456
0.0020072055980563165
0.0020102987997233867
0.0020194220007397233
0.002029642602428794
0.0020122185931541027
0.002012345800176263
0.0020138109917752444
0.0019711205968633294
0.0019957137992605567
0.0019820707966573536
0.0019973078044131396
0.0019868722069077195
0.001994646398816258
0.001976866601034999
0.002016775798983872
0.00236121240304783
0.002024194598197937
0.0020235243951901793
0.002023929404094815
0.002026893594302237
0.002050316403619945
0.002056245191488415
0.002044748398475349
0.002016203408129513
0.0020325260004028676
0.0020243801991455257
0.0020047491998411715
0.0020054633961990474
0.0020255209994502364
0.0019907171954400837
0.0020057677989825605
0.0020643372088670732
0.00203402959741652
0.0020345074008218944
0.0020351824001409113
0.0020679907989688217
0.002032421401236206
0.0020147857954725622
0.002002776996232569
0.002031835005618632
0.0019988885964266957
0.0020090569974854588
0.00202221559593454
0.0019992601941339672
0.0020104555995203556
0.002031478995922953
0.002021105797030032
0.0020403004018589854
0.002058794198092073
0.0020191624062135816
0.002010398602578789
0.002006339805666357
0.002013012394309044
0.002028520801104605
0.001992475800216198
0.002004662400577217
0.0020159733947366478
0.002058696199674159
0.0020626286044716836
0.0020140848006121813
0.0020220316015183925
0.0020248716115020215
0.002010850002989173
0.0019861011998727916
0.002067851193714887
0.00202119400491938
0.0020183315966278313
0.0020349004073068498
0.002026374195702374
0.0020049090031534432
0.002015936397947371
0.001994234009180218
0.0019752174033783377
0.0019619739963673056
0.0020350198028609157
0.0019988128100521863
0.0020149720017798244
0.0019982600002549588
0.0020167949958704414
0.0019986349972896276
0.0020435208105482163
0.001986025006044656
0.0020003466052003205
0.001979747402947396
0.0019768391968682407
0.001986434403806925
0.002006553998216987
0.0020077622029930353
0.001999673992395401
0.0019853901932947336
0.0019942370010539888
0.0019835156039334834
0.0020056189969182014
0.0020818283897824585
0.0020860156044363977
0.00203240200644359
0.002016308403108269
0.001988634990993887
0.001965954597108066
0.0019514334038831294
0.002021254797000438
0.0023275976069271564
0.00205367460148409
0.0019832159974612295
0.0020176260033622382
0.001980470202397555
0.0019805126008577644
0.00196054499829188
0.001989297801628709
0.001992364996112883
0.0019639890058897437
0.001963786198757589
0.0019478459958918392
0.0019616622012108564
0.001966773602180183
0.001961168204434216
0.0019734931993298233
0.001963668002281338
0.0019609038019552825
0.0019360994105227292
0.001943782391026616
0.001931223610881716
0.001960404810961336
0.001960911392234266
0.0019572478020563723
0.0019552248064428567
0.0019412038032896816
0.002010144805535674
0.002297261392232031
0.001967125793453306
0.001954887609463185
0.001947818195912987
0.001956013997551054
0.001965650205966085
0.0019400037941522895
0.0019538530032150447
0.0019273151992820203
0.0019543520058505235
0.001936433999799192
0.001960981194861233
0.001962539798114449
0.0019911679904907943
0.002022089797537774
0.0019927678047679366
0.0019917865982279183
0.002000028395559639
0.0019742124015465377
0.001963505998719484
0.0019468382000923158
0.0019644232001155616
0.0020095250103622673
0.002043738798238337
0.0019890299998223783
