average_runtime 0.0030904047022573653
0.003073205007240176
0.003130246407818049
0.003044085204601288
0.0031014856067486107
0.0031064908020198346
0.0031057885964401065
0.00314909239532426
0.003144994401372969
0.0030797495972365143
0.003045793599449098
0.0030992730055004357
0.0031105472007766366
0.0030003416002728047
0.003453194792382419
0.0030951323918998242
0.003023974399548024
0.003110971604473889
0.003110920591279864
0.003127978602424264
0.0031051135971210896
0.003103619010653347
0.003102680400479585
0.003141962201334536
0.0031015263986773787
0.0030341212055645882
0.0030868683941662313
0.003045295795891434
0.0032590981922112406
0.00316643399419263
0.0031149598071351647
0.0031486846040934325
0.0031459916033782067
0.003050990402698517
0.0031409399933181705
0.003231656993739307
0.0030686759972013535
0.003145185601897538
0.0031574224005453287
0.003139305394142866
0.003220337396487594
0.0030810597934760155
0.003110599797219038
0.0030646781902760266
0.003124001808464527
0.003033773007337004
0.003113675001077354
0.003041107999160886
0.0030904730083420873
0.0031390734016895293
0.0030634997994638978
0.003136689402163029
0.0030561788007616997
0.0031108152004890146
0.0031164168030954897
0.003126032801810652
0.003075866203289479
0.003087374393362552
0.003061757795512676
0.0031150217982940376
0.0030714281951077283
0.0030873349984176456
0.003061139991041273
0.0030826885951682923
0.003055075800511986
0.0030152124003507198
0.0030833516037091615
0.003149354795459658
0.003532477398402989
0.003343411604873836
0.0032608464010991157
0.0034304304048419
0.0031832273933105172
0.003183618001639843
0.0030535116093233228
0.0031059917993843554
0.0030613814014941454
0.0030878947931341828
0.003119179606437683
0.003144858800806105
0.0031221732031553985
0.0031221270095556975
0.0030811998061835767
0.0030582846025936305
0.0030460116104222834
0.003016391198616475
0.0030900987912900746
0.003183277603238821
0.003111862391233444
0.00305910020833835
0.003125461004674435
0.003042989003006369
0.003088535601273179
0.003077529394067824
0.003061105404049158
0.0031655143946409227
0.003228687006048858
0.0032084613922052085
0.0031249998020939527
0.003058971604332328
0.003144070797134191
0.0031208574073389173
0.0030460614012554287
0.0030387251987122
0.003080534201581031
0.003021242399699986
0.003076611994765699
0.003131687396671623
0.003035293403081596
0.003049552591983229
0.003074604598805308
0.0030458893976174294
0.0031234658090397716
0.003083515795879066
0.0030500406050123275
0.00309119540033862
0.0030956375994719565
0.003122595394961536
0.0030744820018298925
0.003135515993926674
0.003100913600064814
0.003096409607678652
0.0031351740006357433
0.0030190403922460973
0.00304471260169521
0.0031127654016017913
0.0030752883991226553
0.0030609759967774154
0.00304917439352721
0.003088290197774768
0.003363133198581636
0.003098738600965589
0.003010836394969374
0.0030278938007541
0.0030562796047888694
0.0030738239991478624
0.003099646000191569
0.0030835452023893596
0.003166360594332218
0.003054785600397736
0.0032333624083548786
0.0031251219916157424
0.002999800001271069
0.0031268803984858097
0.0030230005970224736
0.0030163662042468785
0.003062162408605218
0.003066756797488779
0.003049442206975073
0.00315262220101431
0.003098790207877755
0.0030849059927277266
0.002992190606892109
0.0030583555926568806
0.003019110194873065
0.0029799522017128766
0.0031222618068568408
0.0031619547982700167
0.003053451201412827
0.003103213000576943
0.003065355401486158
0.0030103982076980173
0.003069735202006996
0.002995903207920492
0.0031074802041985094
0.0030797848012298346
0.0030776788014918567
0.0030688311904668807
0.0031627756077796223
0.003056070802267641
0.00310056620510295
0.0030265773995779453
0.0030660265940241514
0.003125185810495168
0.0030386941973119972
0.0031443919986486437
0.0030721758026629685
0.0030907823937013747
0.003196391591336578
0.0032005031942389907
0.003187219810206443
0.0031342276022769512
0.003181017399765551
0.0031061445944942532
0.0031454364070668817
0.003109376807697117
0.0031303202034905554
0.003080102999228984
0.0030210215947590767
0.003144669008906931
0.003102310199756175
0.0031783629907295107
0.0030359250027686357
0.003143752401228994
0.003028532606549561
0.0030302630038931966
0.0030403197975829243
0.0030788604053668678
0.003126726800110191
0.003130987600889057
0.0031117421924136577
0.00305101340636611
0.0030737853958271444
0.003117530804593116
0.0031173052033409477
0.003146657592151314
0.003104126395191997
0.003131881798617542
0.0031523995916359127
0.0030522373970597984
0.003035405999980867
0.003053849993739277
0.003152092406526208
0.0031984180095605552
0.0031093699974007903
0.003139746596571058
0.003041452798061073
0.003121672396082431
0.003123056795448065
0.0030489100026898086
0.0031123267952352764
0.003125885396730155
0.003141358797438443
0.00303256280021742
0.0031435552053153517
0.0030895895906724036
0.003112544398754835
0.003103584807831794
0.0031166847911663353
0.0030346360057592393
0.0034240326029248537
0.0031076043960638344
0.0030160774011164905
0.0030977420043200254
0.003044239606242627
0.003123155201319605
0.003136696794535965
0.003098210599273443
0.003071377007290721
0.003034055989701301
0.003100003197323531
0.0029855605913326143
0.0029880893998779356
0.0030805827933363616
0.0031129637965932487
0.0030630309949629007
0.0030736960005015137
0.0031562736025080086
0.0031158423982560633
0.003012880205642432
0.0031062741996720432
0.003085408196784556
0.00308762879576534
0.0030186665942892434
0.003074839792679995
0.0031243159901350737
0.0031117212027311327
0.003010566404554993
0.002956613595597446
0.003024577593896538
0.0030593994073569775
0.003106282209046185
0.0030533977900631727
0.0030026106047444045
0.003101611603051424
0.00299744961084798
0.0031351433950476348
0.0030651334091089666
0.0030597314005717637
0.0030480404035188257
0.0031206922023557125
0.0030999985989183187
0.0030936947907321153
0.0030168411904014647
0.002999494399409741
0.0030834535951726138
0.003199495398439467
0.003012476395815611
0.0029925448005087675
0.0030540073988959194
0.00311464179540053
0.003080528590362519
0.0030591906048357486
0.0030291736009530725
0.0030397075926885007
0.002979847206734121
0.003088666603434831
0.0031869217986240984
0.0030818491941317916
0.0031436203978955747
0.0031420795945450663
0.0031019177986308932
0.0031150692026130854
0.0030645909951999783
0.003117408195976168
0.0031476804055273534
0.00307075260207057
0.003052029199898243
0.0030317059950903057
0.0030206158058717846
0.0030940018012188377
0.0031161037972196937
0.002960618399083614
0.003085652005393058
0.0029868006007745863
0.0031167973997071386
0.003098226198926568
0.0031262986012734473
0.0031372972065582872
0.003163243201561272
0.0029868126031942664
0.003035391599405557
0.002996138599701226
0.0031213482026942073
0.003112882794812322
0.003093383996747434
0.0030814944067969917
0.003098477597814053
0.0031193234026432037
0.0030908829998224975
0.003103867592290044
0.0031623464077711106
0.003087834001053125
0.003115971595980227
0.0030789991957135498
0.0031583480071276427
0.003093000198714435
0.0030088806059211494
0.0030848622089251878
0.0031013166066259147
0.003022778604645282
0.00311355940066278
0.003173905203584582
0.0030168650089763107
0.0030138480011373757
0.0031591930077411235
0.0030693585984408857
0.0030196924111805857
0.0030148339923471213
0.0031059355940669777
0.0030737157911062242
0.0030653768102638424
0.003128450992517173
0.0031151359900832174
0.003055009595118463
0.0031283027958124874
0.0030967931961640716
0.00312010400230065
0.0030338531942106783
0.0030278838006779552
0.0030682910000905395
0.0030899756005965174
0.0030511221964843573
0.0030930379987694325
0.0030172823928296564
0.003098974598105997
0.0031272802036255596
0.003172846999950707
0.0031247726059518755
0.003058921999763697
0.0030773343984037637
0.0030916906078346075
0.0031087393988855185
0.0031507269944995643
0.003029280190821737
0.0032620432088151575
0.0031299646012485026
0.0030238082050345837
0.0031521019991487265
0.0031641182024031876
0.0030803962028585373
0.0031460827914997934
0.003024877596180886
0.0030681789969094096
0.003118990804068744
0.00306998259620741
0.0030598349985666573
0.003067772800568491
0.0030754800071008505
0.0030683272052556276
0.003131697594653815
0.0030906694009900093
0.003126508998684585
0.0030159358051605523
0.0030259160092100503
0.0031025408068671824
0.003058563405647874
0.0031224359991028905
0.00317217439878732
0.003028028400149196
0.0030871168011799453
0.0031113488017581402
0.003088571794796735
0.0031134853954426943
0.003004672995302826
0.003076113399583846
0.00304680879926309
0.0030393362045288085
0.0030089444015175106
0.0031428403919562696
0.0031062797992490233
0.0029563635936938224
0.0031034994055517016
0.003055885399226099
0.0031154024065472184
0.0031231371918693184
0.0030059653916396202
0.0031028814031742514
0.0031157227931544185
0.0031155306030996146
0.003113686398137361
0.0030941533972509206
0.0030198808060958983
0.0031220781966112554
0.003080584399867803
0.0031224214006215336
0.003035024006385356
0.003065175807569176
0.003132617997471243
0.0031072741956450047
0.003032595803961158
0.003088908002246171
0.0031189839937724173
0.0030030810041353105
0.0030991588020697234
0.0030087321996688844
0.0030961295939050614
0.003118028794415295
0.003103783808182925
0.003049044602084905
0.0030643586069345474
0.003108524391427636
0.0030755853978917
0.0031238387920893727
0.0030630953959189357
0.003071795799769461
0.003096846805419773
0.0030728055979125203
0.0030363761936314402
0.0030288676032796504
0.003149069601204246
0.0030942387995310126
0.003040708997286856
0.0032692951965145765
0.003062956198118627
0.003069383604452014
0.0030698033981025217
0.003127368597779423
0.0030713995918631555
0.0029607484000734987
0.003080476599279791
0.0030903137987479566
0.003122366196475923
0.0030770197976380587
0.003086814598646015
0.003163719398435205
0.0030554238008335234
0.00299884540727362
0.00308754340512678
0.0030456222011707723
0.0031303120078518985
0.0030906124040484427
0.0031467841938138006
0.0031030940008349717
0.003101632394827902
0.003057831397745758
0.0030408766004256906
0.0029876101994886993
0.003126491396687925
0.00300893799867481
0.003042110602837056
0.0031303229974582792
0.0030826811911538244
0.003118827589787543
0.0030319738085381686
0.0030006550019606947
0.00311570760095492
0.0030956272035837173
0.0031505385995842516
0.0031308613950386645
0.003007320803590119
0.0030623120022937656
0.003040916204918176
0.0030101818032562734
0.0029708689893595875
0.0030310100060887634
0.002990299800876528
0.0030351844034157693
0.00314184979069978
0.0029927568044513463
0.0031027823919430376
0.003069465991575271
0.003085147391539067
0.0031027693999931215
0.0031547949998639523
0.00314169559860602
0.0031015273998491466
0.0030026539927348493
0.0031142048072069885
0.0029941982007585465
0.0031238436000421642
0.0031644800095818938
0.003033671004232019
0.0030904682003892957
0.003137738211080432
0.0030417368048802017
0.003112176596187055
0.003025923203676939
0.0030305386055260895
0.003033822798170149
0.0030868947971612213
0.003073186601977795
0.0030000452068634333
0.0031592771993018687
0.003126594400964677
0.003086605400312692
0.0030799895990639924
0.0030134033993817868
0.0030751127982512117
0.0030226863920688627
0.0032000769977457823
0.003100058005657047
0.004023291799239814
0.003121007001027465
0.0031211187946610154
0.0030356058035977186
0.00302748839603737
0.0030150752048939467
0.003114781598560512
0.0030814261990599334
0.0031660159933380783
0.003017372009344399
0.0031310398015193643
0.002988111600279808
0.0030882605933584273
0.003063014801591635
0.0030809039948508144
0.00301499399356544
0.003146148193627596
0.002998611202929169
0.0030529923969879746
0.0030103896046057344
0.0031130668008700012
0.0031390646006911995
0.0030819740029983224
0.0030463799950666724
0.0031021818052977324
0.0030653948080725966
0.0030315470066852868
0.003011948999483138
0.0031389999901875855
0.003122441191226244
0.0030892667942680418
0.0030296267941594124
0.0031084357993677258
0.0031320414040237666
0.0031965315924026073
0.0031004769960418345
0.0031027592020109298
0.0030779809923842548
0.0031474057934246956
0.003139521402772516
0.003027857595589012
0.003102787991520017
0.0030372300068847837
0.003112711396533996
0.003003667399752885
0.003106896602548659
0.002986758598126471
0.0031225964077748357
0.0031548515893518926
0.0031242588069289924
0.0029873823979869483
0.003104581392835826
0.0031200416036881507
0.003039406600873917
0.0030703454045578837
0.0030827161972410977
0.002996985602658242
0.0031111945980228485
0.003088538197334856
0.0031669593998230995
0.003125746198929846
0.002999280800577253
0.0031013946048915387
0.0031443129992112517
0.0030691060004755855
0.00313131520524621
0.003075653989799321
0.003105795604642481
0.0030686751939356326
0.0030319848097860812
0.0030071062035858633
0.003020459599792957
0.0030848318012431262
0.0030943132005631924
0.0031514773960225283
0.003149653400760144
0.003056098404340446
0.0031158191966824235
0.0030975691974163056
0.003109784401021898
0.003107219992671162
0.003024802997242659
0.0030792075907811523
0.003126668999902904
0.0031143836094997823
0.0030828675953671336
0.003066943003796041
0.0030609085923060777
0.0031350083998404445
0.003087061201222241
0.003119371400680393
0.003120461804792285
0.0031117217964492737
0.0030183612019754947
0.003101301600690931
0.0031198597978800537
0.0031192697933875024
0.0030402822070755065
0.0031448884052224456
0.0030806593946181237
0.0030920732067897918
0.0031340681947767735
0.0031007339945062994
0.0029735821997746827
0.0030696902074851097
0.00318749260623008
0.003091765206772834
0.0031034654006361962
0.0031076103914529085
0.003106821398250759
0.0030324555933475494
0.0030854942044243215
0.0030620058067142965
0.003061844001058489
0.003080144606065005
0.0030161008005961778
0.002923583809752017
0.0031242719967849554
0.003102635394316167
0.003074770804960281
0.003103651001583785
0.003103193803690374
0.00310360980220139
0.0030760229914449156
0.0030417833942919968
0.003091648197732866
0.003088258404750377
0.003073430003132671
0.0030261292005889116
0.0030026554013602436
0.0031584072043187917
0.003075191203970462
0.003113788994960487
0.0031450181966647507
0.0031252865912392734
0.0030381903983652593
0.0031468314002268015
0.0030571219976991415
0.0030856856028549373
0.0030894463998265564
0.0031014389940537514
0.0034372328082099557
0.0030589886009693146
0.0030449102050624788
0.0030896383919753133
0.0031072164070792495
0.0030709855956956742
0.003087519994005561
0.0030933927977457643
0.003079617605544627
0.003060244396328926
0.0030923231970518827
0.003193432802800089
0.0030471259960904717
0.0030453667975962164
0.00306898980634287
0.003113529400434345
0.0030464476090855896
0.0031149875954724847
0.0030893822084181012
0.0030925162020139394
0.003098328597843647
0.0030779485940001907
0.003199181193485856
0.003077642002608627
0.0031030729995109143
0.0030577986035495996
0.0030464255949482323
0.003042131592519581
0.0030660668038763107
0.003128481202293187
0.003073337604291737
0.003034202998969704
0.003116766002494842
0.003119387594051659
0.003144378599245101
0.003147599601652473
0.003098191600292921
0.00340766099980101
0.0030864001950249077
0.0031251710024662316
0.0031416976009495555
0.0030660982010886073
0.0030834327917546034
0.003128440398722887
0.0030747300013899805
0.0030680084018968046
0.0031043182010762394
0.003052615199703723
0.0030763254035264254
0.0031270042061805727
0.0029778314055874944
0.003039670397993177
0.003110463195480406
0.0031628724071197213
0.003079458198044449
0.0030283803935162723
0.0030403127893805504
0.0030899137957021592
0.0029920387896709144
0.0030053090071305633
0.003110141004435718
0.003072053799405694
0.0031138509977608917
0.0031148212030529974
0.003118253999855369
0.0031247699982486664
0.003101066395174712
0.003179752198047936
0.0030462271999567745
0.00310827320208773
0.0030542733962647616
0.0030509660020470617
0.003108900797087699
0.003070505801588297
0.0030795086058788
0.003110269398894161
0.0031131917960010467
0.0030890929978340865
0.003127412998583168
0.0029787307954393326
0.00303296159254387
0.0030500655993819237
0.0031233691959641876
0.0030607976019382476
0.0031046219985000787
0.0031609599944204094
0.003098471602424979
0.0031237052055075763
0.0031021076021715997
0.003150998998899013
0.0031398584018461407
0.0031094375997781755
0.0030889660003595052
0.003074032405856997
0.0030030781985260547
0.003152909001801163
0.0031063019996508956
0.0030664960038848223
0.0030610902002081277
0.0029874778003431855
0.0031394856050610542
0.0030123778036795557
0.003133188805077225
0.0030687235994264483
0.003113244008272886
0.003087856399361044
0.003289550996851176
0.0032015837961807845
0.00317079919623211
0.003143931005615741
0.0030778034008108078
0.0031700504012405874
0.003031030995771289
0.003075133403763175
0.0030586282024160027
0.00306116899009794
0.0030661476077511905
0.0030758723965846
0.0031097555998712777
0.0031303412048146128
0.0031249733990989627
0.0030277270008809863
0.003089976392220706
0.0030302788014523684
0.0030505747999995947
0.0031278050038963555
0.003014347399584949
0.0030635469942353667
0.0031292384024709462
0.0030200735898688437
0.0029941509943455457
0.0030945079983212055
0.003105871600564569
0.0031388386036269368
0.0031122762011364102
0.0030174798099324106
0.0031410994008183478
0.003212398407049477
0.0030377057963050904
0.0031425013905391095
0.0030816832091659307
0.0030226376024074853
0.003049610008019954
0.003063279006164521
0.0030409126076847313
0.00311387840192765
0.0030101662036031485
0.0030821491964161396
0.0030405578087083994
0.0031209109933115543
0.0031277019996196033
0.0030561196035705507
0.0030237742001190783
0.0030758955981582403
0.0031650226097553968
0.003152322396636009
0.003099844406824559
0.0030752500053495167
0.003064644197002053
0.0030277373967692255
0.0030958510003983976
0.0031078737927600743
0.0030681615928187965
0.0030270187999121845
0.00307124339742586
0.003059658000711352
0.003108970797620714
0.0031012865947559476
0.0030852229916490614
0.00310816919663921
0.0030753212049603462
0.0030601594015024604
0.003078296792227775
0.003097203595098108
0.00310408539371565
0.0031049242010340095
0.0030367132043465973
0.0030759603949263694
0.002972854196559638
0.0031895676045678558
0.003018960205372423
0.0031114215962588787
0.0030231100041419267
0.0030650299973785876
0.0031661576009355485
0.0031194656039588153
0.003089818998705596
0.003136064007412642
0.003105592995416373
0.003064926597289741
0.0030952166067436337
0.003067971591372043
0.003116824198514223
0.003075368795543909
0.0030450241989456116
0.003043778205756098
0.003090912604238838
0.0030498138046823444
0.0030353415990248323
0.003061281202826649
0.003109857998788357
0.0030398587929084896
0.00308698300505057
0.003186384798027575
0.003127632802352309
0.0031556250061839817
0.003092001203913242
0.0030447585973888635
0.0030909585999324917
0.003166813403367996
0.003109236399177462
0.0030739088077098133
0.0031497993972152472
0.0030556748039089142
0.003116493800189346
0.003046487004030496
0.0031042926013469694
0.003029759204946458
0.0031261405907571315
0.0030191258061677217
0.003031218401156366
0.0031585263903252782
0.0030153997940942645
0.003036897606216371
0.0031108616036362945
0.0031010295962914823
0.0031196020077914
0.0030905253952369094
0.003132682805880904
0.003303499799221754
0.0031702297972515227
0.0031031879945658146
0.003096926398575306
0.0030679225921630858
0.0031562407966703176
0.0031028410070575775
0.0031847554026171567
0.0030164345982484518
0.0031547061982564626
0.0031630810000933705
0.0030552695970982313
0.003000049397815019
0.0030868470086716114
0.0033101844019256532
0.003036313399206847
0.0030844141962006687
0.003109778801444918
0.0030997007968835534
0.003112790593877435
0.00297931139357388
0.00311710579553619
0.0030755837913602592
0.0030366167891770603
0.003059141407720745
0.003125552600249648
0.003037004789803177
0.00305886099813506
0.003136010596062988
0.003041252598632127
0.00302097579697147
0.0030941751901991665
0.0031095587997697293
0.0030955586000345646
0.0031357647967524827
0.003025471593718976
0.0030701879994012417
0.003052839601878077
0.0030419122078455983
0.0031253603985533117
0.003037275199312717
0.003229800600092858
0.0030450670048594473
0.003114004002418369
0.003108328802045435
0.0030472264043055475
0.00311283899936825
0.003065273992251605
0.003048315399792045
0.0031448566005565226
0.0031509438063949346
0.003036491991952062
0.003156580007635057
0.0031150797964073717
0.003100461803842336
0.0030330872046761214
0.0030263207969255745
0.0029764772043563426
0.0031427946058101954
0.0030430186074227096
0.0030094133922830223
0.0031434632022865117
0.0030691546038724483
0.0031192824011668564
0.0030824875924736262
0.003085343597922474
0.003015199792571366
0.0029907013988122342
0.0030074811889789998
0.003012159594800323
0.003193831804674119
0.002997236791998148
0.0031303075957112014
0.003110921592451632
0.0030352952075190843
0.0030059313983656468
0.003124525200109929
0.0030751081998459996
0.0031497622025199235
0.0031996631994843485
0.003176274208817631
0.00313555320026353
0.0030666423961520197
0.0030548891983926294
0.003096328396350145
0.00311275040730834
0.0029924149974249305
0.0031425682012923063
0.0030610097921453415
0.0030675757909193633
0.003113988600671291
0.0030082524055615066
0.003161519195418805
0.0031072188052348793
0.003010835801251233
0.0030919924029149115
0.0031388687901198866
0.0030670264037325977
0.003066000994294882
0.0031159606063738466
0.003102032595779747
0.0030932952067814767
0.0029928810079582037
0.0030975154018960892
0.0031158625963144003
0.0029685447923839094
0.003043352602981031
0.003151611611247063
0.00305438619107008
