average_runtime 0.002069636834750418
0.0021791519946418704
0.002147403999697417
0.0020505488035269083
0.002142802008893341
0.0019954827963374554
0.002057272009551525
0.0021078256075270476
0.002109217003453523
0.0021064778091385962
0.002157191396690905
0.00204121699789539
0.0020695740007795394
0.002009312598966062
0.002078414603602141
0.002067880402319133
0.0019892015960067512
0.0020099692046642303
0.0020701223984360695
0.002091587393078953
0.0020551361958496273
0.0021064603934064507
0.002103969000745565
0.002071599802002311
0.0020477760001085697
0.002108797605615109
0.002022640802897513
0.002063129399903119
0.0020807240041904153
0.002101270796265453
0.0020719338092021642
0.002058946597389877
0.0020896681933663787
0.0021305850008502603
0.0019744654069654643
0.002082284400239587
0.0020224848063662647
0.002061570598743856
0.002116135403048247
0.0021295402082614602
0.0020419612061232328
0.0020620806026272476
0.00202475719852373
0.002098598808515817
0.0020751380012370645
0.002022455201949924
0.0020514593925327063
0.0020643636002205313
0.002096680004615337
0.002134247007779777
0.0020658156019635497
0.0020417863968759777
0.0021031404030509293
0.002119103400036693
0.0020692236023023723
0.0021062650019302966
0.0020410985918715594
0.0020616349996998907
0.002079090801998973
0.002110241400077939
0.0020567724015563725
0.002113687398377806
0.0026090602041222155
0.002155754202976823
0.002044396207202226
0.0021268926095217465
0.002117733797058463
0.0020885605947114525
0.0020624711993150412
0.002079899003729224
0.0020833615912124515
0.002095161797478795
0.002138428995385766
0.00206572039751336
0.0021111224079504607
0.002037028199993074
0.0020401978050358593
0.002147243602667004
0.0021141165983863176
0.0019928869907744227
0.002121326408814639
0.002078594407066703
0.0020863503916189073
0.0019832244026474653
0.0020447679911740125
0.002056543400976807
0.002069258003029972
0.0021820963942445815
0.002028279798105359
0.002058848598971963
0.0021185238030739127
0.0020683287992142143
0.002083013008814305
0.0020731577998958526
0.002026877994649112
0.0020487884059548376
0.002135347598232329
0.002080903807654977
0.002097835799213499
0.0020615109940990807
0.0020425737951882184
0.0021172050037421286
0.002081681601703167
0.0020579488016664984
0.0019213282037526369
0.002061292401049286
0.001968412799760699
0.0020504456013441088
0.0020629775943234565
0.0019562932080589234
0.002096245205029845
0.0020485184038989248
0.002133840799797326
0.001997794595081359
0.0020432373974472286
0.002081512601580471
0.002057188202161342
0.0020610754028894005
0.0021334678051061927
0.0020415468025021255
0.002081883803475648
0.0020405414048582315
0.0020469921990297736
0.0020700848079286517
0.002031549206003547
0.002055409597232938
0.0020855917944572868
0.002089135395362973
0.0021663922001607717
0.0020646875957027076
0.0020512447925284507
0.0020609679981134833
0.002182686794549227
0.0020942998002283276
0.00206154000479728
0.002041733602527529
0.0020240599988028407
0.0020759153994731605
0.0020573291927576064
0.0020523015991784632
0.002048184396699071
0.001990170998033136
0.002054128597956151
0.0019938378012739123
0.0020608081948012115
0.0020622606039978563
0.0020542521961033344
0.0019400393939577043
0.0020795766031369567
0.0019789158017374576
0.002394327404908836
0.0020976060070097445
0.002074153395369649
0.0020209814072586598
0.0020435504033230246
0.0019999746000394225
0.0020342816016636787
0.0020899427938275037
0.0019839040003716947
0.0020921636023558676
0.002073554799426347
0.002074417402036488
0.0021227348013781013
0.002047962206415832
0.0020911325933411717
0.0021076728007756174
0.0020555444061756134
0.002088110789190978
0.0021893169963732363
0.0019675306044518947
0.0021329523995518686
0.0020746981957927347
0.0020941053982824085
0.0021214815904386343
0.0019328044028952718
0.0020923842093907297
0.0021759936003945767
0.0020541469915769995
0.002121534803882241
0.0020683031994849443
0.0020660966052673756
0.0020287623978219927
0.002169594808947295
0.0021061614039354025
0.0019673960050567985
0.0020785292028449474
0.00212095360038802
0.002052857005037367
0.0020532351918518543
0.002162620995659381
0.00205288699362427
0.0020748946000821887
0.0020852498011663554
0.002437045203987509
0.001986132003366947
0.0020849582040682437
0.002124420995824039
0.0020378561923280357
0.002066555991768837
0.002044712996575981
0.002038902195636183
0.002120950003154576
0.001949578197672963
0.001963784801773727
0.002101621590554714
0.0020797659992240368
0.002023483207449317
0.0020730533986352386
0.002045743796043098
0.0020381957991048695
0.001975456194486469
0.002026980195660144
0.002057607192546129
0.002056935604196042
0.0020790618029423056
0.0021450738073326646
0.0020699420012533663
0.0020510134054347873
0.002063447202090174
0.0021171607892028987
0.00223631679546088
0.002119326207321137
0.002128765999805182
0.002083158597815782
0.00210925160208717
0.0020675099920481445
0.0021010915981605647
0.00210083780111745
0.0019540623994544148
0.0020446671987883747
0.0020550281973555685
0.0019800827954895794
0.002025758009403944
0.002088396402541548
0.001999301603063941
0.0020250739995390176
0.0020448714029043915
0.0020100877969525754
0.001983846607618034
0.0020204722066409888
0.0020006494014523923
0.0019811845966614785
0.001983421400655061
0.0019743531942367555
0.002049896004609764
0.002024501597043127
0.0020351362065412102
0.002058958006091416
0.001990603399462998
0.0020982695976272227
0.0020186559995636344
0.0021114369970746338
0.0019297841936349869
0.0020077007939107716
0.0019641918013803663
0.0021102812024764717
0.001978898607194424
0.0019964855979196726
0.0019836916006170215
0.0020668698009103535
0.002054263197351247
0.0021178824012167753
0.002106738404836506
0.0021282337955199184
0.0021353250020183625
0.002028766996227205
0.002088188205379993
0.0021671008085832
0.0019312447984702885
0.0020058150053955614
0.0019958934048190714
0.002036441199015826
0.001989873195998371
0.002099781995639205
0.0020778325968421997
0.0020735276048071682
0.00204771279823035
0.002036780398339033
0.0018920572008937597
0.0019341443898156286
0.0020635650027543305
0.0020008357940241696
0.001986475195735693
0.004188668995629996
0.002162560203578323
0.002060684806201607
0.0020974176004529
0.002068743389099836
0.001991678203921765
0.0021025449968874454
0.0020711306016892193
0.002052443800494075
0.002015653601847589
0.002083268598653376
0.00205482579767704
0.0021068527945317327
0.0019976954092271624
0.001989295403473079
0.002100084803532809
0.002159582602325827
0.002115619392134249
0.0020885329926386476
0.0019438409944996238
0.002047947607934475
0.0021154379937797785
0.0020524041960015894
0.0021241561975330115
0.0020360711961984633
0.0019525712006725371
0.002032461203634739
0.001999079599045217
0.0020978364045731723
0.002041149395518005
0.001991728600114584
0.0020541384001262486
0.0019631408038549127
0.0020072129904292525
0.0020425969967618586
0.0020379188004881143
0.0020635734079405667
0.0021180633921176195
0.002093186601996422
0.0020786129985935985
0.002077185595408082
0.002059723192360252
0.0020393138052895664
0.0020541625912301243
0.002037865994498134
0.0019753819913603367
0.002005675807595253
0.0020520332036539912
0.002089367399457842
0.0019933352014049888
0.0019855659920722246
0.0020264496095478536
0.0020345871918834744
0.0020551294088363647
0.002056464203633368
0.0020814285962842405
0.002074717404320836
0.0020960711990483105
0.0021165889920666814
0.0020403390051797034
0.00204758980544284
0.002108432597015053
0.0021428480045869946
0.0020705783972516656
0.002097922598477453
0.0020716142025776207
0.0020520425983704626
0.0020383949973620473
0.001985979196615517
0.0020650579943321647
0.00196413560770452
0.0021107572014443577
0.002105516998562962
0.002041891007684171
0.001982583396602422
0.0020637513953261077
0.0020581975928507744
0.0020486081950366495
0.0021142318029887973
0.0020505539956502616
0.0021048192051239313
0.002036761597264558
0.002126107004005462
0.0020332092070020737
0.0020508326007984577
0.00205063340254128
0.00205351299373433
0.002078855608124286
0.002067927399184555
0.0020321883959695695
0.0020673816092312337
0.0021124921971932054
0.0021007725968956946
0.0023207230027765036
0.0020434265956282617
0.0020454073906876146
0.002075242006685585
0.002098525990732014
0.002042094990611076
0.002086344396229833
0.0021113127935677768
0.0020891275955364106
0.0020379966008476913
0.0020808142027817665
0.0020325366058386862
0.002059893193654716
0.0020400222041644157
0.0021024220040999353
0.002101726399268955
0.002051432803273201
0.0020737458020448686
0.002032637991942465
0.0020870298030786216
0.0020304337958805263
0.0020450633950531484
0.002108181593939662
0.002120553003624082
0.0020529553992673756
0.0020861224038526416
0.0020966946030966938
0.002047777792904526
0.0019318314036354423
0.002062280208338052
0.0021363010047934948
0.00207759520271793
0.0020637654000893236
0.002110231597907841
0.0020752184092998503
0.002114103198982775
0.00207160459831357
0.0020735656027682124
0.002052398188970983
0.002095556596759707
0.0019812656100839376
0.0020256158080883325
0.002061290410347283
0.002137560793198645
0.0020789921982213855
0.0021179851959459484
0.0020789695903658868
0.002078515593893826
0.002067594393156469
0.0020966239972040057
0.002098457398824394
0.002047864196356386
0.002030992810614407
0.0021244375966489315
0.002108044002670795
0.0020899973926134406
0.0020492319948971272
0.0021043975953944027
0.002058287407271564
0.0021147157996892927
0.002059177390765399
0.0019674340030178426
0.0020081121940165756
0.0020389663986861706
0.0019795999978668988
0.0020558340009301903
0.0021240912028588355
0.0020988820004276933
0.0020263792015612126
0.002044441201724112
0.0020560626056976617
0.0020152722019702194
0.0020550846005789936
0.00210275900317356
0.0021286295959725976
0.00208560680039227
0.0020925819990225136
0.002047059393953532
0.0020693176076747475
0.0020148713956587017
0.0019962716032750905
0.0020711657940410077
0.0019894598051905634
0.0021442873985506594
0.0020034351968206466
0.0019622883992269635
0.002355588995851576
0.0020171432057395577
0.0019355044001713394
0.0020820058067329227
0.002081838191952556
0.002018558792769909
0.002004083397332579
0.0020443079993128777
0.0020097230095416307
0.0019692652043886484
0.002067456592340022
0.0020397295942530037
0.002053143596276641
0.001920012792106718
0.0019114868016913533
0.0020585670019499956
0.001977656804956496
0.0019695227965712547
0.002142940601333976
0.002067996608093381
0.0020202949992381035
0.0021735043963417413
0.0019701929995790124
0.0019327720045112073
0.0020194149925373494
0.0020823893952183425
0.001992810005322099
0.002393953001592308
0.001995789189822972
0.0019561579916626214
0.001981210010126233
0.0020545246079564095
0.0020657390006817876
0.0018766060005873443
0.002032767795026302
0.002049241797067225
0.00208314839983359
0.0020509417983703314
0.0020077292108908297
0.002090524404775351
0.001992906804662198
0.0020376690081320703
0.0020257132011465727
0.0020486752036958933
0.0019317582016810774
0.0019014911958947778
0.0020194420008920132
0.0019887709990143777
0.001967033604159951
0.002068098995368928
0.0029233472072519363
0.002043223800137639
0.002031546796206385
0.0020676444051787256
0.0023735522059723734
0.0019092872040346264
0.0021217384026385845
0.0020740994019433855
0.002004921203479171
0.001977165602147579
0.002087985794059932
0.002057233196683228
0.002042312000412494
0.002042173407971859
0.002103213407099247
0.0019585533998906614
0.0020727230003103614
0.0020328197977505626
0.0021243420080281792
0.0021015255944803355
0.0020611801999621095
0.0020301595912314953
0.002072279003914446
0.0020655537955462933
0.0020422060042619705
0.002088563807774335
0.0021086796070449053
0.0020014845998957754
0.0020840101991780103
0.0019614614080637693
0.0021085283951833844
0.0020442002103663983
0.0020663561997935178
0.0020459968014620244
0.002043883595615625
0.0020729008014313877
0.0020920695969834924
0.0020615310058929026
0.002066059794742614
0.0020323439966887236
0.0020481733954511583
0.0021238144021481276
0.0019827354000881313
0.002045723202172667
0.002292404801119119
0.0020604207995347677
0.0021237220033071937
0.00208689538994804
0.002073549199849367
0.0020861992030404507
0.002111959608737379
0.002070888597518206
0.0020724639995023607
0.002056259394157678
0.0020541585981845856
0.0020351157989352943
0.0020490380004048346
0.0020737244049087167
0.002036477590445429
0.0021103085950016976
0.002084754395764321
0.002076077600941062
0.0020545733976177873
0.002076487604063004
0.002042046398855746
0.0021248157951049506
0.0019869716023094954
0.0021086771972477435
0.0021041704108938574
0.0020525239990092812
0.0019213267951272428
0.0020938089932315052
0.0021144106052815915
0.002078032004646957
0.00205301980022341
0.0020847694016993047
0.0020760018029250204
0.0021996950032189488
0.002028852002695203
0.002052479609847069
0.002119120198767632
0.0021243839990347626
0.0021189067978411914
0.0019317396101541818
0.00201324779773131
0.0020597120048478244
0.0021262693917378783
0.0019833576050587
0.0020591006032191217
0.0019321504049003124
0.002048449602443725
0.002045274805277586
0.002114208205603063
0.0020855425973422825
0.0019815010018646717
0.002077611198183149
0.002081719797570258
0.0020043542026542127
0.002037156803999096
0.0020856891991570593
0.0020698928041383625
0.0020582220051437615
0.0020526082022115587
0.0019573783967643974
0.0021367256063967942
0.0020489938091486693
0.002081658598035574
0.0020980466040782632
0.0020636830013245344
0.0019745175959542394
0.0021388984052464364
0.002135134197305888
0.0020797889912500976
0.0020934371976181866
0.0021021557971835137
0.0019450769992545246
0.0021037216065451503
0.0020093247992917897
0.0020315331988967956
0.002052230993285775
0.0020595664042048155
0.002040293999016285
0.002075066405814141
0.0020508783985860647
0.0020542188081890344
0.0021120709949173032
0.002089094801340252
0.0019650607951916753
0.002042075793724507
0.002284882008098066
0.0019605800043791533
0.0020493265939876435
0.0020844899932853877
0.0021153589943423865
0.002038066601380706
0.0020594362053088845
0.0020485977991484107
0.0020566739956848325
0.0020768658025190232
0.002086486597545445
0.0020563054014928637
0.0020727474009618165
0.0020196663914248346
0.002097607997711748
0.0021059039980173113
0.0021249816054478288
0.002049775794148445
0.002081750996876508
0.002102803799789399
0.0020313529996201394
0.0020784896099939943
0.002050984394736588
0.0019799469970166682
0.002036862401291728
0.002038785198237747
0.0020358673995360733
0.001956272206734866
0.002121095999609679
0.002017406397499144
0.002036944392602891
0.0019573032041080296
0.0020867571933194996
0.0020236155949532987
0.0021020009997300805
0.0021089494111947715
0.0021590883960016074
0.0021015672013163567
0.002067199407611042
0.0020112595986574886
0.0020787684014067056
0.002074962400365621
0.002094896393828094
0.002069995808415115
0.0020225855987519026
0.0020537648000754417
0.0020896711968816815
0.0020270047942176463
0.002066219795960933
0.0019225582014769315
0.0020873068016953765
0.0020654023974202573
0.0020334110013209283
0.002018274995498359
0.0020918173948302867
0.0021259261993691325
0.002109367598313838
0.0020430773962289094
0.002038929599802941
0.002068279404193163
0.0020923034055158494
0.002070087392348796
0.0021639512036927045
0.0020621698000468313
0.002049753593746573
0.0020222896011546252
0.0019355141906999052
0.002072550600860268
0.0020794844022020698
0.0020668826065957544
0.002123666799161583
0.002153902198188007
0.0019861056003719567
0.002083052403759211
0.0020727431983686984
0.0020694313920103014
0.0021309457952156663
0.0021269216085784137
0.002149258402641863
0.0020749910036101937
0.001980605395510793
0.0021152794011868536
0.0019834266044199468
0.002125522994901985
0.002074910793453455
0.002158304606564343
0.0020878375973552464
0.002066151599865407
0.002125797199551016
0.002098884806036949
0.0020834625931456683
0.002598227595444769
0.002023940405342728
0.002108793403021991
0.002036386600229889
0.0020287521998398005
0.0020890692016109825
0.002063754200935364
0.002093766408506781
0.0020692551974207164
0.00213141399435699
0.0023838598048314453
0.002065815997775644
0.0020095539977774022
0.002180269197560847
0.002108178799971938
0.002085386391263455
0.0020317074027843772
0.002073895395733416
0.0020370119949802757
0.0020911050029098987
0.0019676206051371993
0.0020416795974597334
0.002034166792873293
0.0021700301906093953
0.0021232732106000185
0.002169660001527518
0.0020391333964653313
0.0020612502004951237
0.0020786189939826726
0.002052676002494991
0.0020808497909456493
0.0019810494035482407
0.002088160195853561
0.002039646601770073
0.002069374802522361
0.002029590599704534
0.002045723202172667
0.0020919802016578616
0.002069022401701659
0.0019749719998799265
0.0020675904001109303
0.0021027552080340683
0.001981809199787676
0.0020360611961223185
0.0021117573953233658
0.0020480073988437654
0.002051222196314484
0.0021083261934109034
0.002090550400316715
0.0020969478064216673
0.002053460606839508
0.0020442483946681023
0.0021247926051728427
0.0020533337956294417
0.0019944696105085313
0.0019861294073052703
0.002058095799293369
0.0021036498015746473
0.002060780394822359
0.0021356584038585424
0.002054872806183994
0.0021433367975987492
0.002037714410107583
0.0020617770031094553
0.0020969411940313875
0.00208199298940599
0.0020560435950756073
0.0020807264023460447
0.0021012149984017013
0.0020108000026084483
0.0020576842012815177
0.002055335801560432
0.002073097799438983
0.0020761464023962618
0.0020292956032790244
0.0020374024054035543
0.002106359601020813
0.00211409660987556
0.002121138002257794
0.0020287237945012747
0.002032193192280829
0.002139857201837003
0.0021266879979521037
0.0020827184082008897
0.001974805607460439
0.002456626400817186
0.002120047400239855
0.002047570003196597
0.0021029273979365827
0.002018538594711572
0.0020408521988429127
0.0020762237953022124
0.002024321409408003
0.0020818280056118963
0.002106893400195986
0.0019798319903202356
0.002070134598761797
0.002063189400359988
0.0020756310084834697
0.00207760640187189
0.001978270406834781
0.0021068940055556594
0.0021408007945865394
0.0020567568019032477
0.0020085902069695294
0.0020408776006661357
0.002089130796957761
0.0020990921999327838
0.002034521009773016
0.0019686590065248312
0.002047731203492731
0.001967490394599736
0.00204598099226132
0.0021234710002318025
0.0020718956016935407
0.0020700086024589837
0.00208831800846383
0.002060124801937491
0.0021104743937030435
0.0021059810067527
0.002192558196838945
0.002059438405558467
0.002052298793569207
0.002045466599520296
0.0020924751996062698
0.002056725404690951
0.002037282392848283
0.0021201680065132678
0.002024761401116848
0.002055135392583907
0.002143786195665598
0.002111930004321039
0.002082306402735412
0.0020688771968707443
0.0021129956003278494
0.002082955406513065
0.002139809192158282
0.002032515802420676
0.002066595002543181
0.002090487407986075
0.0020974650047719478
0.0021007583942264318
0.002064918400719762
0.002101566200144589
0.0020501318038441243
0.002043942594900727
0.002074286201968789
0.0020840693963691593
0.002117733599152416
0.0020784207968972622
0.002048234804533422
0.0020196054014377297
0.002170184999704361
0.00211860379204154
0.0021151866065338256
0.002034859801642597
0.002052409399766475
0.002085286600049585
0.002063021599315107
0.0020696479943580924
0.002063434792216867
0.002028942806646228
0.0021403233986347914
0.002108512807171792
0.002049136406276375
0.0020502705941908062
0.0020332311978563666
0.002108099404722452
0.0020830153953284025
0.0020921095972880723
0.002154512400738895
0.002099736605305225
0.002036422002129257
0.002089948405046016
0.0020825883955694737
0.0020594663918018343
0.0020808172062970697
0.002078452194109559
0.002032688003964722
0.0020392253994941712
0.0020807491964660585
0.0020600804011337457
0.002074395993258804
0.002065446204505861
0.0020650954102165997
0.0020474275923334064
0.0021919136052019894
0.002068730001337826
0.0019770234008319675
0.002118945203255862
0.0020190975978039206
0.002227165992371738
0.0020474961958825586
0.0020654981955885885
0.0021130231907591224
0.0020164913963526486
0.0020512996008619664
0.0021171838045120238
0.0020417330088093877
0.002048643003217876
0.0020437682047486304
0.002057928196154535
0.002068292594049126
0.0014870736049488187
0.0020598334027454256
0.002065222000237554
0.0020356326014734803
0.0020787366083823144
0.0021918503916822374
0.0019907412002794444
0.002101021399721503
0.0020211642025969923
0.0020732873934321107
0.0020941074006259443
0.0020035710069350897
0.0021227152086794377
0.0020437106024473904
0.002028802398126572
0.0025618351995944978
0.002082994603551924
0.002105218800716102
0.002090289199259132
0.0019062699982896447
0.002025140402838588
0.0020203856052830814
0.002163401199504733
0.002068207203410566
0.00199578640749678
0.0020692954072728752
0.00206726259784773
0.0021486843936145304
0.002087353402748704
0.0021310093929059804
0.0021083638072013854
0.002155923598911613
0.00246049000415951
0.002032000990584493
0.002127612801268697
0.0020645571989007295
0.0020927389967255296
0.0020897299982607365
0.0019473980064503849
0.0020571489934809507
0.0020621180068701507
0.00207756320014596
0.0020661973976530135
0.0020828214008361103
0.0020375383901409805
0.002061334007885307
0.0020500676007941367
0.0020936605986207725
0.0021299531916156413
0.001969354005996138
0.0020803001942113044
0.0020677180029451845
0.0021327542024664583
0.00209453699644655
0.0021323611959815024
0.0020454215933568775
0.002103034604806453
0.0020921034039929507
0.002025464398320764
0.002063079993240535
0.002038319199346006
0.00214686100371182
0.0021222956012934445
0.00208264080574736
0.002019268204458058
0.0020402294001542033
