average_runtime 0.007097991019675242
0.0074456769973039625
0.0070449355989694595
0.006764258199837059
0.007073954003863037
0.007296064402908087
0.007102709601167589
0.006882849405519665
0.007202129391953349
0.007045423798263073
0.006798353407066316
0.0066514845937490465
0.0070082486025057735
0.007232813793234527
0.007262460398487746
0.007056452403776348
0.007448808406479657
0.007262283004820347
0.0071161087951622905
0.007120284996926784
0.007259971206076443
0.007217879209201783
0.007787820196244866
0.007558757602237165
0.007031016401015222
0.007078545994590968
0.007138021395076066
0.0067421991960145535
0.007088653603568673
0.00692209160188213
0.0067308132071048025
0.0071819005999714134
0.006885546806734056
0.007791764999274165
0.007423145207576453
0.006820397800765932
0.007245176006108522
0.007246222801040858
0.007219490606803447
0.007131964596919715
0.007132411794736981
0.006813864200375974
0.007342952792532742
0.007264108397066593
0.007093120797071606
0.007476869400124997
0.007013647397980094
0.00712880699429661
0.006906786002218723
0.007005958200898022
0.007268120208755136
0.0068104702048003675
0.006897395406849682
0.007264840393327176
0.007212738203816116
0.006842138804495334
0.007245172397233546
0.006381980807054788
0.007199041801504791
0.0073406917974352835
0.007845816400367767
0.007102805201429874
0.005597332399338484
0.00738680399954319
0.007263190590310842
0.007426374801434576
0.006623782601673156
0.007887357799336314
0.006708023999817669
0.006668284197803587
0.007226932607591152
0.0070639305980876085
0.007974331604782493
0.007166759402025491
0.007115514797624201
0.0071778294048272075
0.0064627652056515215
0.007318539195694029
0.007410741201601923
0.006693343399092555
0.007191924995277077
0.007279190397821367
0.00729673239402473
0.00704331420129165
0.007264445209875703
0.006725621607620269
0.006383341201581061
0.007035186397843063
0.007078364200424403
0.007111466990318149
0.006919834995642304
0.007706097001209855
0.007671359600499273
0.006444159406237304
0.007474684598855674
0.006767261400818824
0.006622899603098631
0.007319136394653469
0.0066273309988901016
0.007233060605358332
0.007759879401419312
0.006622657796833664
0.007221763592679053
0.007046198600437492
0.006747167196590453
0.00735242540249601
0.0076333816046826545
0.006883657397702336
0.0071370090008713305
0.006777567404787988
0.007394159794785082
0.007418509793933481
0.0066302775987423955
0.007278531196061522
0.007581317005679012
0.007121775206178427
0.00722928720060736
0.006686347397044301
0.007173273002263158
0.007098809804301709
0.00804399480111897
0.0071113466052338484
0.007485581201035529
0.006472049606963992
0.007186654594261199
0.007152892602607608
0.006943137792404741
0.007526629406493157
0.006301855004858225
0.007519761600997299
0.006641028798185289
0.006946731207426638
0.006724797806236893
0.00718521379167214
0.007144398789387196
0.0072429012041538956
0.007414250401780009
0.007901394204236568
0.007021602208260447
0.007259797398000955
0.006894135999027639
0.006755585595965385
0.007811381807550788
0.006770219199825078
0.006734293000772595
0.007208931597415358
0.007069481606595218
0.007117443007882684
0.00713198259472847
0.006804936996195466
0.0070689902058802545
0.0073790482012555
0.006917126406915486
0.006832085200585425
0.007139443594496697
0.007145050598774105
0.0069340209942311045
0.007538515201304108
0.007159884995780885
0.007275147002656013
0.007156515400856734
0.006894392403773963
0.007214546191971749
0.007719159603584558
0.007029714202508331
0.006724403006955981
0.006403223192319274
0.006767350004520267
0.006404217996168882
0.006789324001874775
0.007534366799518466
0.006818422197829932
0.006905470392666757
0.006822824606206268
0.006779584591276944
0.006328717397991568
0.007093384605832398
0.006124951003585011
0.009397946007084101
0.0068624673993326725
0.006857814197428524
0.006963890604674816
0.00682712800335139
0.006449457607232034
0.007604940596502274
0.007573384593706578
0.00682980939745903
0.006950083805713802
0.0067770377965644
0.006540185189805925
0.006889377802144736
0.007435353402979672
0.007535635808017105
0.007473543402738869
0.006617710995487869
0.00651121559785679
0.00515050640096888
0.006622482999227941
0.007245028205215931
0.007169231795705855
0.006899433594662696
0.006636759208049625
0.0067428475944325324
0.006147946405690163
0.007096705003641545
0.006792957591824233
0.007118536799680442
0.006738764001056552
0.007078988198190928
0.006759039591997862
0.006839730392675847
0.006763795006554574
0.006937544606626034
0.006817685603164136
0.0065689532086253164
0.007003841607365757
0.006976683798711747
0.006448420195374638
0.0064576520002447065
0.006920150795485825
0.006477412406820804
0.006965403002686799
0.006546812201850116
0.007434020808432251
0.006487046205438674
0.0067499704076908525
0.006942243804223836
0.007481313799507916
0.007112567801959813
0.006845490599516779
0.00667608039220795
0.006912699597887695
0.006941654602997005
0.007511750003322959
0.007226505002472549
0.007093740801792592
0.0067540413932874795
0.006754969793837518
0.007217591605149209
0.0068953803973272445
0.0071647548000328245
0.006137459399178624
0.006827162590343505
0.006700752198230475
0.006700059806462377
0.006897035602014512
0.006805968808475882
0.007631467992905527
0.007751893601380289
0.007288428395986557
0.006772225792519748
0.006947753194253892
0.006818408204708248
0.006798022205475718
0.006806405598763376
0.006748920609243214
0.006887339800596237
0.007005907001439482
0.006455322599504143
0.007529665797483176
0.006528075598180294
0.006242902600206435
0.007089841202832759
0.006991539604496211
0.007352357800118625
0.00751271239714697
0.006582816201262176
0.007567773596383632
0.007295104395598173
0.007069470197893679
0.0073483176063746216
0.007334159000311047
0.0071423380053602156
0.006826278998050839
0.0071196748060174285
0.006709682405926287
0.007717617403250188
0.007439958991017193
0.0072403089958243076
0.006619679601863026
0.007451066002249718
0.007126887002959848
0.006569935206789524
0.007167919992934912
0.006693978002294898
0.006751164002344013
0.007082191202789545
0.005533372808713466
0.0071021514013409615
0.007145139190834015
0.007181310397572816
0.007278556795790791
0.007076759391929954
0.0072946634027175605
0.007399274397175759
0.008134689007420093
0.007041201193351299
0.007263678801245987
0.007166068407241255
0.007101997791323811
0.007262937794439495
0.007066474191378802
0.0067660450004041195
0.006739534600637853
0.007011893589515239
0.007413765206001699
0.007206678402144462
0.007192145194858312
0.007303678407333791
0.007064291799906641
0.007061946007888764
0.006856422999408096
0.00769823839655146
0.006895237998105585
0.006845647993031889
0.006821062602102757
0.0072519986075349156
0.0065825458033941684
0.007074473402462899
0.0071053399937227365
0.00648537059314549
0.007492053194437176
0.006854425801429897
0.0068353431997820735
0.006969167594797909
0.00674165019299835
0.007247478410135955
0.007433218997903168
0.007052455795928836
0.0075630915933288636
0.006701157800853253
0.006493482599034905
0.0072921507991850374
0.0067369289929047225
0.007217082404531538
0.007142864004708827
0.0070486865937709805
0.007118142198305577
0.007255803002044559
0.00647837680298835
0.0066117545939050615
0.006973694998305291
0.006752913596574217
0.006947613798547536
0.006710983801167458
0.007783030392602086
0.007121430209372193
0.007270661008078605
0.007109239790588617
0.007028122001793235
0.007089696195907891
0.0070333693991415204
0.007108225196134299
0.007022523996420204
0.0063310276018455625
0.00626879659248516
0.006995549995917827
0.007890464796219021
0.007314914395101369
0.007102554594166577
0.007257399789523333
0.007300093804951757
0.007377133599948138
0.007402909803204238
0.006534505996387452
0.006909472204279154
0.00763420460280031
0.007277060195337981
0.006996437802445144
0.0073109871940687295
0.0072033278062008325
0.007392605603672564
0.007007307605817914
0.007588123599998653
0.007292453199625015
0.007221012993250042
0.007306226599030197
0.00747080500004813
0.006871454603970051
0.007092567998915911
0.006792899803258479
0.007157862198073417
0.007115957594942301
0.007136941200587899
0.00768740939674899
0.007470185391139239
0.007397985400166363
0.007179500395432114
0.00738315680064261
0.007608737202826887
0.00748009099625051
0.007376623805612326
0.00732975120190531
0.006965942599344998
0.00689895519753918
0.007922289404086768
0.007197103195358068
0.007189559994731099
0.008069800201337785
0.007264158804900944
0.00704890500055626
0.0074242933886125686
0.007331057998817414
0.007331933407112956
0.007289726810995489
0.007039476197678596
0.007730071607511491
0.00793942540185526
0.00803544740192592
0.006679510604590178
0.007983047200832516
0.0069416356040164825
0.007058284198865295
0.0068658459931612015
0.007905391603708267
0.008072172594256698
0.006602486805059015
0.0072285384056158366
0.007131740800105035
0.007306951796635985
0.00734590640058741
0.007203935994766653
0.007152630807831883
0.008165201998781412
0.007063980202656239
0.006807016802486032
0.006951744004618376
0.007116217794828117
0.007291274203453213
0.007338681805413217
0.006520066200755537
0.007146862195804715
0.0077092514024116095
0.007338126003742218
0.006894033995922655
0.007327799999620766
0.0076681759906932715
0.007250350597314536
0.007019169197883457
0.006591837597079575
0.006849234993569553
0.007175427209585905
0.007373750198166817
0.0067972643999382855
0.007712325605098158
0.007636294595431537
0.006740053405519575
0.006964464602060616
0.006891612394247204
0.007134029595181346
0.007401751005090773
0.007024949206970632
0.006967318803071975
0.007401746395044029
0.007176756800618023
0.00690677979728207
0.0066131178056821225
0.007242450199555606
0.007000668800901622
0.008089689805638045
0.008117130398750306
0.006961643404792994
0.006551331805530936
0.007110405794810504
0.006994985206983983
0.007285469002090395
0.007172213797457516
0.006790630205068737
0.007367968198377639
0.007178523601032794
0.0072925810003653165
0.007205695798620582
0.0068527897936291994
0.007001928205136209
0.006884119205642492
0.006629858398810029
0.006666307605337351
0.007411839603446424
0.007050312601495534
0.007144087599590421
0.007607674191240222
0.007018228597007692
0.0072164230048656465
0.0074119018041528765
0.00720706139691174
0.007249622989911586
0.007594453799538314
0.0077882944024167955
0.006609805603511631
0.006784168200101704
0.007842717599123717
0.007117782393470407
0.007238201599102467
0.007422424003016204
0.006906924606300891
0.007212323602288961
0.007967060199007392
0.007462693599518388
0.0074180676019750535
0.007077633996959776
0.0069727962021715936
0.007280435797292739
0.006768302607815713
0.00686988519737497
0.006959958199877292
0.0067854490014724435
0.006835497601423412
0.006387481791898608
0.0067277121939696375
0.007428299402818084
0.007077319209929556
0.006552628800272941
0.006981522799469531
0.0070130879990756515
0.007737435400485992
0.007292902399785817
0.007405528996605426
0.007679334399290383
0.007324137003161013
0.0070497745997272435
0.0070050886017270384
0.0072188019985333085
0.007190194609574973
0.007185485807713121
0.007029859803151339
0.007085012597963214
0.007772350206505507
0.006454630405642092
0.007889676198828965
0.007247143192216754
0.006757516402285546
0.006841965799685568
0.007219968002755195
0.007235123799182475
0.007182518194895238
0.0066705683944746855
0.007083168800454587
0.007294338406063616
0.0074897294049151245
0.0072266275994479654
0.00674496958963573
0.006751693796832115
0.0073386459960602226
0.0070648686029016975
0.0070864942041225735
0.007680508203338832
0.007052013592328876
0.0073282303987070915
0.006927947397343814
0.006875840201973915
0.00675418860046193
0.0068707099999301136
0.006791673798579723
0.006619325606152415
0.007225831400137395
0.007139577798079699
0.006915204203687608
0.0067360855988226834
0.007284223206806928
0.007025964604690671
0.007279786001890898
0.006946564395911991
0.007191843201871962
0.007282245194073766
0.007235196593683213
0.006886584800668061
0.0068235755898058414
0.007185445795767009
0.007333593198563903
0.006825771601870656
0.0070864497916772965
0.0071029401966370646
0.007104433397762478
0.006716871995013207
0.006818626599851996
0.0071765311993658544
0.0075987405958585445
0.007945774809923024
0.007288940390571952
0.007227082992903889
0.007064859801903367
0.006959366996306926
0.0074011716060340405
0.007763075199909509
0.0071662381989881395
0.0072730518062599
0.0075062094023451206
0.007179148599971086
0.006930013198871166
0.007282078405842185
0.007272201194427908
0.007219765009358526
0.006954234000295401
0.007026709197089076
0.007023313397075981
0.006817416800186038
0.0075279011973179875
0.007129708002321422
0.00705064160283655
0.007717559998854995
0.00677579379407689
0.0070568484021350745
0.006775465002283454
0.007160247990395874
0.007086126797366888
0.007143318396992981
0.007129187602549792
0.007403442403301597
0.0062645573983900246
0.00707862259587273
0.007847737206611782
0.0067346422001719475
0.0071796908043324946
0.007327051390893758
0.007128208398353308
0.007784223591443151
0.007203366793692112
0.007402825402095914
0.006915508396923542
0.007014326599892229
0.006626150198280811
0.007050236396025866
0.006794197391718626
0.006771600199863314
0.007309746800456196
0.006875217205379158
0.007114755793008953
0.006837395194452256
0.0072068348061293365
0.006786717800423503
0.007138440606649965
0.006665195198729634
0.007155671797227115
0.007166867202613503
0.007301583793014288
0.0071365708019584416
0.00719150339718908
0.007796845398843288
0.007328982802573591
0.0070089339977130296
0.007431489194277674
0.00695578099694103
0.006898496008943766
