average_runtime 0.0005610031662276015
0.0005688684497727082
0.0005762032495113089
0.0005726389499614015
0.0005617993010673672
0.000558947748504579
0.0005597595998551696
0.0005597265990218148
0.0005580258992267772
0.0005582335987128317
0.000557984400074929
0.0005587076011579484
0.0005576161987846717
0.0005958002526313067
0.0005578085983870551
0.0005564563005464151
0.0005575181508902461
0.0005563026497839019
0.0005558140488574282
0.000657787499949336
0.0005563098995480687
0.0005567257991060615
0.0005552264512516559
0.0005552027520025149
0.0005550460482481867
0.0005551367008592934
0.0005560999008594081
0.0005571390502154827
0.0005565589002799243
0.0006581452500540764
0.0005564107006648556
0.0005565394996665419
0.0005562657490372658
0.0005546334490645677
0.000554848849424161
0.0005557224503718317
0.0005546752508962527
0.0005549491499550641
0.000554324800032191
0.0005546798987779766
0.0006185983482282608
0.0005561824509641156
0.0005557658994803205
0.0005559391516726464
0.0005557176511501894
0.0005552043003262952
0.0005575915478402748
0.0005564893013797701
0.0005579502525506541
0.0005578529002377763
0.0005577739008003846
0.0005550589499762282
0.0005546553991734981
0.0005566675477894023
0.0005566017993260175
0.0005564699007663876
0.0005577817995799705
0.0005577050993451849
0.0005562542501138523
0.0005571440007770434
0.0005578706506639719
0.0006172320019686595
0.0005557340511586518
0.0005584549013292417
0.000554777798242867
0.0005542877508560196
0.0005554348521400243
0.0005583927500993014
0.0005564092512940988
0.0005576210998697207
0.0005549766996409744
0.0005557545518968254
0.0005561158497584984
0.000556271051755175
0.0005575637507718057
0.0005556545016588643
0.0005573876987909898
0.0005548166489461436
0.0005539120989851654
0.000555864701163955
0.0005560486984904856
0.0005584853497566655
0.0006490330502856523
0.0005566724488744512
0.0005576957017183303
0.0005582364479778335
0.0005572686000959948
0.0005569285014644266
0.0005553863476961852
0.0005533271498279646
0.0005561736499657855
0.0005559052515309304
0.0005543074512388557
0.0005532204493647441
0.0005534721509320662
0.0005559621495194733
0.000558943598298356
0.0005558351025683805
0.0005552207992877811
0.0005556732008699328
0.0005547648994252086
0.000555141901713796
0.0005560883495490998
0.0005576783500146121
0.0005557752505410462
0.000668507200316526
0.0005561533500440419
0.0005546274478547275
0.0005561139987548813
0.0005549337511183694
0.0005578064505243674
0.0005565175495576113
0.0005548955523408949
0.0005562986480072141
0.0005563373502809555
0.000554564199410379
0.0005580158001976087
0.0006771455518901348
0.0005547208013013006
0.0005564483493799343
0.0005560816993238404
0.0005554225499508902
0.0005559062003158033
0.0005571982008405029
0.0005559976998483762
0.0005549365509068593
0.0005566675506997853
0.0005553358001634479
0.0005573081492912024
0.0005544518993701786
0.0005548624991206452
0.0005543117498746142
0.0005565163504797965
0.0005535398493520915
0.0005563712009461596
0.0005548790009925142
0.0005543045001104475
0.0005543137493077665
0.0005526490014744923
0.000556736349244602
0.0005553434515604749
0.0005570792010985315
0.0006320988992229104
0.0005526828987058252
0.0005556427000556141
0.0005549831490498036
0.0005543024482904003
0.0005569681990891695
0.0005536678479984402
0.0005562422011280432
0.0005540079495403915
0.0005538097000680863
0.000630141349392943
0.0005524575506569817
0.0005553041002713144
0.0005528926994884387
0.0005554001487325877
0.0005554718984058127
0.0005552426999201998
0.0005557019001571461
0.0005567129497649148
0.0005581033998169005
0.000553989948821254
0.0006326747999992222
0.0005554016010137275
0.0005547313980059698
0.0005534630006877705
0.0005546741507714614
0.00055393029761035
0.0005568736494751647
0.0005541663005715237
0.0005553818511543796
0.0005548668996198103
0.0005554886010941118
0.0005540908518014475
0.0005550119996769354
0.0005546650005271659
0.0005538726516533643
0.0005564579507336021
0.0005546007014345378
0.0005540926504181698
0.0005548730987356976
0.0005543891980778426
0.0005538062483537942
0.0007213859993498772
0.0005546289001358673
0.0005548691493459046
0.0005558950011618436
0.0005549096007598564
0.0005535498523386196
0.0005551016016397625
0.0005531255505047738
0.0005544014507904649
0.0005530822498258203
0.0005542336002690718
0.0005536944488994777
0.0005897421011468396
0.0005534713505767286
0.0005529589980142191
0.0005527892004465685
0.0005556330492254346
0.0005561242986004799
0.000555310447816737
0.0005575543502345682
0.0005570089997490868
0.0006530812504934147
0.0005567551503190771
0.0005557977507123724
0.0005539681005757302
0.0005564996507018804
0.0005573061993345618
0.0005568034976022318
0.0005570334004005417
0.0005564907507505268
0.0005579544493230059
0.0005564333987422287
0.0005593080975813791
0.0005572114983806387
0.0005600550008239225
0.0005578376003541052
0.0005571566493017599
0.0005564997991314158
0.0005568610009504482
0.0005572879483224825
0.0005573251517489552
0.0005570353008806705
0.0005570608016569167
0.0005558741017011925
0.0005570344510488212
0.0005555373500101268
0.0005562682985328138
0.0005566606501815841
0.0005570271488977597
0.0005591856985120103
0.0005550226982450112
0.0005557861499255523
0.0005587752995779738
0.0005577265488682315
0.000556878448696807
0.0005546198517549783
0.0005578082025749608
0.0005544020503293722
0.0005557318509090692
0.0005559140001423657
0.0005553497991058976
0.0005561936995945871
0.0005559792509302497
0.0005561328493058681
0.0005550677014980465
0.0005568567023146898
0.000555267749587074
