average_runtime 0.003598387160827406
0.0036141382064670325
0.003587098594289273
0.003581256396137178
0.003592666203621775
0.003610001993365586
0.003605984593741596
0.003627046197652817
0.0036248543998226523
0.0036231982056051494
0.003630589798558503
0.003611809003632516
0.0036223809933289886
0.0036040166043676434
0.003606251603923738
0.003609744808636606
0.0035994105972349645
0.0036088431952521205
0.0036122721969150005
0.003618533199187368
0.0036105917999520896
0.003617735195439309
0.003627020202111453
0.003618374199140817
0.003608550596982241
0.00361942300805822
0.003609684598632157
0.003607157594524324
0.003609601000789553
0.0036221790011040866
0.0036137693910859524
0.003610148199368268
0.003610834199935198
0.0036166297970339654
0.0036086066043935715
0.00361300379736349
0.0035986330010928215
0.0036255963961593805
0.0036106767947785556
0.003652269800659269
0.0036342059960588814
0.003637778398115188
0.003642766596749425
0.0036305524059571325
0.003622622799593955
0.0036311266012489796
0.0036132615990936757
0.003604188596364111
0.0036150994012132285
0.003623228205833584
0.003606628195848316
0.0036039212020114062
0.0036129368003457786
0.0036304602050222456
0.003610515594482422
0.003603774996008724
0.0035952307982370256
0.00360113960923627
0.0036067287903279064
0.0036197957932017745
0.003603348392061889
0.0036144964047707616
0.003598837193567306
0.0036128435982391237
0.0035967368050478397
0.0036029373994097115
0.0036248242016881705
0.003610479598864913
0.0036062912084162237
0.003604481206275523
0.0036109477980062364
0.0036192298051901163
0.0036269749980419874
0.0036111420020461084
0.003606986196245998
0.003595695202238858
0.0036054242053069176
0.0036177212023176253
0.0036138399969786405
0.0036009308067150416
0.003627776599023491
0.0036042738007381558
0.003610579005908221
0.0035991064039990308
0.003608354204334319
0.0036871294025331734
0.003603589395061135
0.0036286570015363396
0.0036028105998411773
0.003618931001983583
0.0036139684030786156
0.003612914402037859
0.0036108986008912326
0.0036171793937683104
0.003603633807506412
0.0036029502050951125
0.0036125861923210325
0.0036122270044870674
0.0035999181913211943
0.003596951998770237
0.003601786005310714
0.003614212793763727
0.0036145798047073187
0.003596784605178982
0.0035975674050860106
0.0036083915969356895
0.004018756409641356
0.003594846394844353
0.0035971825942397117
0.00359528319677338
0.003617717605084181
0.003604328795336187
0.003617999202106148
0.0035941531998105345
0.00359259860124439
0.0036018052021972837
0.0036000357940793037
0.00361065260367468
0.003611603006720543
0.0036097679985687137
0.0036069366033189
0.0036005828063935042
0.0036022581974975766
0.0036054834024980666
0.003598991804756224
0.0036055877921171487
0.0036036110017448665
0.0036056446027942003
0.003615156398154795
0.0036061963997781276
0.0036063331994228066
0.003595581604167819
0.003614857594948262
0.0036039547994732857
0.003599622391629964
0.0035926798009313643
0.0036021956009790303
0.003608957992400974
0.0036030196002684533
0.003601233009248972
0.0036014793906360863
0.0035919897956773637
0.003602343995589763
0.003596369200386107
0.0036034554010257124
0.003596506000030786
0.003601342998445034
0.003589745005592704
0.003600106597878039
0.0035801711957901714
0.003601915610488504
0.0036171481944620608
0.0035886269994080066
0.0035943760070949794
0.003599465801380575
0.003597187402192503
0.003593015798833221
0.003600398392882198
0.0035946327960118653
0.0036028890055604277
0.0036005530040711165
0.003614556393586099
0.0036176267894916236
0.003593238000757992
0.0036012385971844196
0.0036308435956016183
0.003593763802200556
0.0036016308004036546
0.003618596005253494
0.00359263300197199
0.003621495794504881
0.0035948222037404777
0.0036058210069313647
0.0036171736079268157
0.003587094589602202
0.0036076472024433315
0.003618758998345584
0.0036090912064537404
0.0036036069970577954
0.0036030469927936792
0.003596253995783627
0.003602929611224681
0.0036147627979516983
0.003624412789940834
0.003596852195914835
0.0036103171994909646
0.0036230711964890363
0.0035922488081268967
0.0035959491971880196
0.0036205230047926308
0.003591512993443757
0.003603357600513846
0.0036173505941405892
0.0036077679949812593
0.0036513454047963022
0.0036026046029292045
0.003613638202659786
0.003602130000945181
0.0036086512031033636
0.0036010178038850425
0.0035950921941548587
0.0036190141923725604
0.003594149195123464
0.0035928779980167747
0.003603419999126345
0.003608477592933923
0.003592719393782318
0.0036045707995072005
0.003607001609634608
0.0036179967923089863
0.003601292602252215
0.0036058844067156314
0.003602304798550904
0.003600797208491713
0.0036065511987544594
0.0035954075981862845
0.0036095191957429052
0.0035818455973640083
0.003601676202379167
0.0036120910081081092
0.00362771600484848
0.0036313524004071953
0.003614550200290978
0.0036125167971476912
0.0035992133896797897
0.003606224001850933
0.003612601396162063
0.003622978401836008
0.0035926643991842865
0.003606772003695369
0.0036020013969391583
0.0035961251938715576
0.003602641401812434
0.0036388635984621943
0.0036050315946340563
0.003611991403158754
0.0035973162041045724
0.0036003758083097636
0.0035967699950560927
0.003599982801824808
0.0036026199930347504
0.003598481207154691
0.0035879384027794003
0.003595404210500419
0.0036171779967844485
0.00407659619813785
0.003603300207760185
0.0036098310025408863
0.0035950314020738007
0.0036177254049107434
0.0036024949979037045
0.003605863603297621
0.003588601597584784
0.003595082589890808
0.0035970059921965
0.003608108195476234
0.0035949148004874587
0.003599050408229232
0.0035954209975898265
0.0036036078003235162
0.0036123541998676957
0.003615413198713213
0.00361648800317198
0.003613599797245115
0.0036151397973299025
0.0036032852018252014
0.003606909594964236
0.003609209996648133
0.0035866418038494885
0.003596157592255622
0.003595524199772626
0.003597468591760844
0.003591215400956571
0.0036124089965596795
0.0036081564030610025
0.0036182177951559424
0.0035991307930089535
0.0035987873910926283
0.003589451196603477
0.0035901571973226964
0.0036072260001674293
0.003602807188872248
0.003599130397196859
0.0036039895960129796
0.0036024898057803512
0.0036036978010088204
0.003614181000739336
0.0036034588003531097
0.0036051430040970446
0.003622746793553233
0.003610204206779599
0.00362266160082072
0.00360429739812389
0.003623326192609966
0.003619572194293141
0.0036176758003421128
0.0036039233906194567
0.0036210460006259383
0.0036148002021946014
0.0036092827911488714
0.0036317634047009053
0.003650128608569503
0.003623480396345258
0.003610176395159215
0.0036255961982533335
0.003619815199635923
0.0036256255931220948
0.003599373402539641
0.003601232008077204
0.0036083810031414033
0.0036019276012666523
0.003626782400533557
0.003601911407895386
0.003604222601279616
0.0036144023993983864
0.003602554404642433
0.003611518396064639
0.0036312413983978333
0.003603472001850605
0.0036010334035381673
0.0036131558008491993
0.0036302808090113103
0.0036255355924367906
0.0036112939938902854
0.0036241405992768704
0.003622249397449195
0.0036093701957724987
0.0036084839957766235
0.003599522600416094
0.003603910398669541
0.003609154000878334
0.0036545695969834925
0.0036202298011630773
0.0036068409914150833
0.003604166198056191
0.0036004764027893544
0.003607165801804513
0.0036145249963738025
0.0036123945959843696
0.0036052859970368443
0.0035965866059996187
0.003633432602509856
0.0036098340060561895
0.003596686595119536
0.0036162100033834575
0.0036217652028426527
0.003607542405370623
0.003620279405731708
0.0036112491972744463
0.003607202204875648
0.0035919586080126464
0.0036040270002558827
0.0036029563983902336
0.0036068803980015217
0.003613033203873783
0.003628060792107135
0.0035927855991758407
0.0035979197942651807
0.0036010726005770268
0.003606192406732589
0.003596544801257551
0.003619112994056195
0.003601435199379921
0.0036094633978791535
0.0035937587963417172
0.003628940391354263
0.003615913400426507
0.0036076849908567967
0.0036015814053826033
0.003612771804910153
0.003615811199415475
0.00362441879697144
0.0035970623954199254
0.003598582197446376
0.003626571397762746
0.0036218042019754647
0.003623541200067848
0.003609874192625284
0.0036089944071136413
0.003614129195921123
0.0036170104052871467
0.003600674995686859
0.0036106329993344844
0.00361973320832476
0.004117714404128492
0.003598442196380347
0.0035924188094213607
0.003597329603508115
0.0036017758073285224
0.0036005113972350953
0.0035972937941551207
0.003607941803056747
0.0039024660014547407
0.003608488000463694
0.003596445207949728
0.0036135094007477163
0.0035829692031256856
0.0036146100028418005
0.0035955506027676165
0.0036284725996665657
0.0036038193968124686
0.0036188910016790032
0.003612504608463496
0.0036018989980220796
0.0035925789969041945
0.0036042287945747377
0.0036101592006161807
0.0036106767947785556
0.0035951332072727384
0.0036104782018810512
0.0035930205951444803
0.003621446411125362
0.0036041758023202418
0.0036121406010352075
0.0036157627939246593
0.003605361795052886
0.003581972199026495
0.00361851459601894
0.0035961381974630056
0.003616019000764936
0.003608772996813059
0.0036246164003387094
0.0036123524070717393
0.0036233311984688044
0.0036019406048581003
0.0036286927992478014
0.0036330078030005096
0.0036039491998963056
0.003599692799616605
0.003634819795843214
0.0036157090100459753
0.003607569797895849
0.003600200603250414
0.0036183100077323616
0.0035990137956105174
0.0036237108055502177
0.0035880932002328335
0.003606228402350098
0.0035927592078223826
0.0036072230082936584
0.003595009201671928
0.003605929797049612
0.0036125836079008876
0.003632566996384412
0.003587956400588155
0.0035957880085334183
0.00360007300041616
0.003595637402031571
0.003600765601731837
0.0036018237937241794
0.003618364396970719
0.003637298592366278
0.0036156591959297657
0.003611777594778687
0.0036085327970795333
0.0036047005909495057
0.0035940877976827325
0.003623189392965287
0.003589831991121173
0.003619464405346662
0.0036017596023157237
0.003612701001111418
0.0035932929953560234
0.0035983841982670127
0.0035926351905800403
0.0036109687993302942
0.003607775398995727
0.003600545402150601
0.003598546201828867
0.003598486597184092
0.003598385606892407
0.0036020703963004054
0.003600340790580958
0.003605374996550381
0.0036075799958780407
0.0035961261950433255
0.0035924878087826074
0.003610393195413053
0.003598887601401657
0.003596295800525695
0.0036100574070587754
0.003627941804006696
0.003610033995937556
0.003612479590810835
0.0035956361913122236
0.003598511009477079
0.0036012556054629387
0.003620203002355993
0.003591731400229037
0.003615472000092268
0.0035934855928644537
0.0035965126007795334
0.0035941336071118714
0.003606775193475187
0.003608847002033144
0.003594160999637097
0.003603225399274379
0.003626519592944533
0.003613917005714029
0.0036192970001138747
0.0036098429933190345
0.0036215324071235955
0.0035934688057750463
0.0035914045991376044
0.003595180402044207
0.003598208201583475
0.003597598208580166
0.0035913411993533373
0.0035921290051192044
0.0036000089952722193
0.0035960940062068404
0.0036177114001475275
0.0036331615992821753
0.003616562602110207
0.003606899396982044
0.0035930581972934304
0.0035997523926198484
0.0035949811921454967
0.003622952592559159
0.003622501203790307
0.0035992381977848708
0.003606430999934673
0.0036192637984640897
0.004068100603763014
0.003592949395533651
0.0036111645982600748
0.0035976190003566442
0.003603163606021553
0.0036042919964529574
0.0036030170042067764
0.0036102666053920984
0.003619562205858529
0.0035955319995991885
0.0035949328099377452
0.003597642993554473
0.003606577799655497
0.0036037035984918474
0.0038496244000270964
0.0036217402084730566
0.0035943479975685476
0.0036057360004633663
0.0035964958020485937
0.003615659789647907
0.0036056115990504623
0.003592422406654805
0.0036067596054635944
0.0036030222079716625
0.0036120685981586576
0.0036071941955015062
0.003604487399570644
0.003615624399390072
0.00359199580270797
0.0035947058000601827
0.0036214166088029743
0.003592382394708693
0.0036150980042293666
0.003613374789711088
0.003606195596512407
0.0036177139962092044
0.00362077479949221
0.0036228653974831105
0.003638172405771911
0.0036295242025516927
0.003608246799558401
0.0036158595932647584
0.0036008131923153997
0.0036013628006912766
0.0036030631978064775
0.003602389607112855
0.003610796993598342
0.0036078004050068557
0.0036144225974567234
0.0036059302045032384
0.0036248357966542242
0.003592672199010849
0.0035895758075639604
0.003591172199230641
0.0036079555982723834
0.0035845268052071334
0.0036077943979762493
0.0036060013924725355
0.0035814909962937234
0.003575451800134033
0.0036017787992022932
0.003598762792535126
0.0035911714076064527
0.0035868927952833474
0.003596014797221869
0.003602933802176267
0.003603961004409939
0.0035905314027331768
0.0035899869981221855
0.003591984207741916
0.0036062882049009205
0.003596923395525664
0.003575893002562225
0.003593743208330125
0.0035836440045386555
0.0035976061946712433
0.0035765124019235374
0.0035752321942709385
0.0035696537932381036
0.003571871598251164
0.003583195200189948
0.0035910467966459693
0.0035950841964222493
0.0035882791969925167
0.0035789837944321333
0.003585198405198753
0.0035806700005196037
0.0035763803985901176
0.003578077198471874
0.003576411202084273
0.003580946405418217
0.003579945594538003
0.0035764005966484546
0.003585990006104112
0.00358262819936499
0.0035796212032437325
0.0035834731999784706
0.0035744199994951487
0.0035659710061736404
0.003597855207044631
0.0035943779977969824
0.003592121007386595
0.003590069606434554
0.0035958237946033477
0.0035794018069282172
0.0035940836067311467
0.003583335201255977
0.0035774013958871365
0.0035835985909216106
0.003590880602132529
0.0035927936085499825
0.0035857936018146574
0.003583240997977555
0.003581878403201699
0.0035847787978127597
0.003589934599585831
0.0035666172043420374
0.0035845616017468273
0.0035896626068279147
0.003577409195713699
0.0035949741955846547
0.003569236001931131
0.0035847781924530863
0.003571362607181072
0.003571858792565763
0.003573171608150005
0.0035781542072072627
0.0035735049983486532
0.003577086399309337
0.00356310399947688
0.0035638122004456817
0.0035642458009533585
0.0035745125962421296
0.003586476994678378
0.0035912098013795913
0.003564575396012515
0.0035700157983228563
0.003588666010182351
0.0035722979926504196
0.003574304806534201
0.004022678988985717
0.003570231003686786
0.0035696433973498643
0.0035754595999605955
0.0035774172050878406
0.003570207208395004
0.003584168793167919
0.0035712372045964003
0.0035655730054713784
0.0035681809997186063
0.003575820999685675
0.003567962604574859
0.0035776881966739895
0.0035839561955071987
0.0035766912042163312
0.003586681594606489
0.003582713205832988
0.0035626593977212905
0.003564898599870503
0.003567158000078052
0.0035792075912468137
0.0035675699939019976
0.003557521593756974
0.0035676719970069827
0.0035612900042906403
0.0035583446035161613
0.003562270407564938
0.0035516991978511215
0.003565044398419559
0.0035642242059111596
0.003568982391152531
0.0035646641976200045
0.0035785731975920498
0.003584636398591101
0.0035801743972115217
0.003557856997940689
0.003543185000307858
0.0035641480004414915
0.0035691734054125847
0.003557601408101618
0.0035749402013607323
0.003562500199768692
0.0035676585976034403
0.0035605489974841475
0.003547744802199304
0.003571677196305245
0.0035708535928279162
0.003562113200314343
0.0035773306037299333
0.003571991599164903
0.003556151804514229
0.003554767998866737
0.0035568361985497178
0.003565565007738769
0.00357003539102152
0.0035795446019619703
0.003586903598625213
0.0035604250035248695
0.0035535341943614186
0.0035737372003495694
0.003554494003765285
0.003578281810041517
0.0035727521986700594
0.0035810914007015525
0.00356155940098688
0.0035560508025810123
0.0035795029951259496
0.00356782719027251
0.003581037395633757
0.003564718400593847
0.0035700829932466148
0.003568158601410687
0.003549671592190862
0.003569820604752749
0.003569431195501238
0.003570107195992023
0.0035667386022396387
0.003565440606325865
0.0035767968045547606
0.0035677536041475834
0.003562606405466795
0.0035616182023659347
0.0035825954051688313
0.0035808666027151046
0.0035859799943864347
0.003552836796734482
0.003570725198369473
0.0035629819962196053
0.0035790766007266937
0.0035558850038796665
0.003565131011418998
0.0035600584000349046
0.0035789191955700518
0.0035774776013568045
0.0035799645935185253
0.0035650593927130103
0.003565166797488928
0.0035805432009510694
0.003569824399892241
0.0035705824033357204
0.003560381999704987
0.003559296193998307
0.003560141799971461
0.0035671537974849344
0.0035614767926745116
0.0035581699921749532
0.0035698111983947455
0.0035595505964010955
0.003567147010471672
0.00355903881136328
0.003570838598534465
0.0035553799942135813
0.003562740597408265
0.0035749423899687828
0.0035577288013882934
0.0035637407912872733
0.0035698242019861935
0.0035705870017409326
0.003577263990882784
0.0035514020011760293
0.003563025000039488
0.0035649928031489253
0.003556633391417563
0.00355983100598678
0.0035569041967391966
0.0035580975934863092
0.0035795161966234446
0.003572697995696217
0.0035868949955329297
0.0036360502010211347
0.0036214012070558965
0.003603821201249957
0.003600091999396682
0.0036172816064208744
0.0036007518065162003
0.003599543997552246
0.0035996798076666893
0.003603488800581545
0.003598185395821929
0.0036059535923413932
0.004048356204293668
0.003596563800238073
0.0035994080011732877
0.003596807201392949
0.0036285389913246037
0.0035606006043963135
0.003573395393323153
0.0035773567971773444
0.0035434867953881622
0.0035513781942427157
0.0035578601993620394
0.003565173002425581
0.003556392400059849
0.0035421972046606244
0.0035592592088505627
0.0035593688022345304
0.0035445368033833803
0.003554353793151677
0.0035415588063187897
0.0035442261956632136
0.0035485030035488307
0.0035447161993943156
0.0035543852020055054
0.0035468611982651054
0.0035480385995469987
0.003550701797939837
0.0035605471930466592
0.003559962206054479
0.0035532415960915385
0.0035441825981251895
0.0035675649996846914
0.0035723028006032108
0.0035574720008298756
0.003553457802627236
0.0035493700066581368
0.0035591296036727726
0.0035564491990953684
0.0035526843974366786
0.0035396273946389557
0.003545645601116121
0.0035489002009853722
0.0035506385960616172
0.0035669434000737965
0.0035665606032125653
0.003543124592397362
0.003547098999843001
0.0035516129923053087
0.0035598739981651307
0.003559272806160152
0.00356120279757306
0.003552160400431603
0.0035487395944073796
0.0035437240032479165
0.0035614992026239633
0.0035472666029818358
0.003556023398414254
0.0035689449985511603
0.003547133400570601
0.0035592194064520298
0.003574148810002953
0.003568644600454718
0.0035734187928028404
0.0035552348010241984
0.003564762801397592
0.003564325603656471
0.0035608203965239228
0.003545422200113535
0.0035550342057831586
0.0035494172014296057
0.00355477660195902
0.0035638091969303785
0.003542242990806699
0.0035523348022252323
0.003557355795055628
0.0035470820032060145
0.003554425993934274
0.0035573353990912436
0.0035601106006652116
0.003538436396047473
0.003540384001098573
0.0035488817957229912
0.0035731653915718198
0.003558675805106759
0.0035646368050947785
0.0035509519977495073
0.0035548449959605932
0.0035639218054711818
0.0035532137961126866
0.0035455127945169806
0.0035502706072293223
0.0035572970053181054
0.0035562313976697625
0.003551966801751405
0.0035416129976511
0.0035462221945635974
0.0035507608088664712
0.003548678406514227
0.0035611347993835807
0.0035616867942735555
0.0035626191995106636
0.003565990796778351
0.0035519446013495327
0.003607629390899092
0.0036050089984200895
0.003612109203822911
0.0036064555984921753
0.0036158923991024493
0.003588685009162873
0.0035934582003392277
0.003606114792637527
0.003602319397032261
0.003595898603089154
0.0035962337977252902
0.0036044236039742827
0.003597152407746762
0.003605033201165497
0.0036035263910889626
0.0035822044010274112
0.0036136450013145804
0.00359626921126619
0.003613793000113219
0.003609197202604264
0.003608746803365648
0.0036150034051388503
0.0036146149970591067
0.0036047604051418604
0.003598725004121661
0.0036007887916639446
0.003603278996888548
0.0035998333944007753
0.0035819424083456397
0.003592037199996412
0.0034965461934916677
0.003605018195230514
0.003607457596808672
0.0035969318007119
0.0036170086008496583
0.003608451201580465
0.0036061874008737503
0.0036087249987758695
0.0036040514009073378
0.004087217198684811
0.0036236615967936816
0.0035980836022645236
0.003619138593785465
0.0036016274010762573
0.0036038622027263047
0.003615909395739436
0.003605601005256176
0.0036097201984375714
0.0036079172044992448
0.003582109196577221
0.0035940853995271027
0.003595124802086502
0.0036022288026288153
0.0035947213997133075
0.0035813872003927828
0.0035914194071665407
0.0035921163973398505
0.0036044455948285757
0.003596748400013894
0.0036046337918378413
0.0036119029973633587
0.003603473398834467
0.003598294407129288
0.003590655198786408
0.0036025105975568293
0.0035936739994212987
0.0035925839911215007
0.003601486806292087
0.0035901193972676993
0.0035937689943239095
0.0035850421991199255
0.0035908369929529725
0.0035927967983298004
0.0035972582059912383
0.0035896942019462584
0.003589942993130535
0.0035943664028309287
0.00359486440429464
0.0036058985977433624
0.0035860287956893445
0.0035966283991001546
0.0035945883952081203
0.0036028441973030567
0.00358962039463222
0.0036012828000821172
0.0035880503943189978
0.0036026114015839995
0.0035997806000523267
0.0035959267988801003
0.003584472998045385
0.0035873889923095704
0.0036037815967574715
0.0036012052092701196
0.0035998029983602465
0.003588030196260661
0.003587738808710128
