average_runtime 0.0021384152114158495
0.0022088933968916536
0.002141107397619635
0.002134861797094345
0.0021825409960001705
0.0021290851989760997
0.002128403796814382
0.002188764000311494
0.002180247998330742
0.002178424410521984
0.0021872024051845075
0.0021318153943866492
0.002131718606688082
0.0021358345984481275
0.0021324047935195266
0.002137994999065995
0.002126037608832121
0.002126181195490062
0.002122181002050638
0.0021765194018371404
0.0021264194045215847
0.0021784796030260623
0.0021820257999934254
0.002133508410770446
0.0021390644018538297
0.0021726984065026044
0.002122703404165804
0.002139472193084657
0.0021253437967970966
0.0021704194019548594
0.0021285858005285264
0.0021216640016064048
0.0021261904039420187
0.0021732326014898716
0.0021222444018349053
0.002122069394681603
0.0021181080024689435
0.0021365236025303602
0.0021750141982920467
0.002178473793901503
0.0021217153989709914
0.0021323019987903534
0.0021218422101810575
0.0021257860003970563
0.002561284799594432
0.002132677799090743
0.0021341524086892607
0.0021311901975423096
0.0021312257973477244
0.0021817359956912696
0.002129456598777324
0.002124520798679441
0.0021799717913381757
0.002181501593440771
0.002124676597304642
0.0021712110028602183
0.0021225127973593773
0.002124558202922344
0.002130360994488001
0.0021805191994644702
0.0021261253976263108
0.0021739393938332795
0.0021264660055749117
0.0021827772026881574
0.0021384826046414672
0.0021840982022695242
0.0021814299980178475
0.0021358933998271825
0.0021371978102251886
0.0021435834001749753
0.002142828796058893
0.002186029008589685
0.0021857850020751356
0.0021458565955981613
0.002179666399024427
0.002119468804448843
0.0021263316040858625
0.0021783747943118215
0.0021308449911884965
0.00212719599949196
0.0021860256092622876
0.0021321807987987997
0.0021340883919037878
0.0021226059994660317
0.002120310801547021
0.002121071401052177
0.0021236194064840675
0.0021778945927508177
0.002126355795189738
0.002130391402170062
0.002173538994975388
0.002139690797775984
0.002182425593491644
0.002134874800685793
0.00213176280958578
0.0021271634032018483
0.0021772915963083504
0.0021214529988355935
0.0021188698010519147
0.0021186301950365306
0.0021137482021003962
0.002166266192216426
0.002123688196297735
0.0021019930019974707
0.0020964967901818455
0.0021034596022218464
0.0020887174061499534
0.002094827208202332
0.0020967838005162775
0.002091439196374267
0.002144717995543033
0.0020982273970730604
0.0021435147966258226
0.0020974489976651966
0.002099200605880469
0.002111839398276061
0.0021143189980648456
0.002103741001337767
0.0021619108039885758
0.002102668199222535
0.002113244391512126
0.0020992364035919307
0.002090637804940343
0.002116943197324872
0.0021187321981415153
0.002126775204669684
0.0021167561993934215
0.0021140862023457884
0.0021690187975764276
0.0021157955983653665
0.0021197765949182213
0.0021144287893548608
0.0021666846005246043
0.002118213404901326
0.0021137492032721637
0.0021090755937620996
0.0021150097949430347
0.0021174254012294113
0.002114476205315441
0.002120253199245781
0.0021145840059034527
0.002108696603681892
0.0021120639983564617
0.002126978395972401
0.0021263981936499475
0.002116709598340094
0.0021149848005734386
0.0021187364007346334
0.002123819198459387
0.0021185539895668625
0.0021158519899472593
0.0021941788028925656
0.0021322557935491205
0.002138020598795265
0.002139754197560251
0.0021307601942680775
0.002140803600195795
0.002142088196706027
0.0021383975981734693
0.00213539699325338
0.0021398967946879566
0.002142547396942973
0.002177537593524903
0.0021444041980430485
0.002139976993203163
0.002188119001220912
0.002148573799058795
0.002144357992801815
0.0021875987993553283
0.0021350180031731725
0.002187171403784305
0.0021270734025165437
0.0021382672013714908
0.002187378203961998
0.002136357594281435
0.0021859431988559665
0.0021959050092846153
0.0021417543990537523
0.0021323665976524355
0.0021353153977543117
0.0021378224017098548
0.0021347627975046636
0.0021925761946476998
0.0021919597988016904
0.00212748299818486
0.0021520004025660454
0.002145406196359545
0.002087566000409424
0.002089765400160104
0.0021500895963981748
0.002095783792901784
0.002111975790467113
0.002144710603170097
0.0020988396019674836
0.002099494799040258
0.0021102202008478343
0.002150570205412805
0.002125128195621073
0.0021007578005082907
0.0021035920013673603
0.0020980715984478594
0.002156288595870137
0.0020944871939718723
0.002097565203439444
0.0021525201969780027
0.0021427997970022263
0.0020915949949994682
0.002100871398579329
0.0021020571934059263
0.0021394512034021316
0.002127795608248562
0.0021053864038549364
0.0021057310048490764
0.0021273902035318314
0.0021343588014133275
0.002178942202590406
0.002138733002357185
0.0021350568043999375
0.0021358830039389432
0.002188457001466304
0.0021865613991394637
0.002185622008983046
0.0021394599927589296
0.002111805195454508
0.002115329203661531
0.0021184555953368545
0.002170691394712776
0.002166773600038141
0.002103065198753029
0.002117276797071099
0.00211302099050954
0.0021149110049009322
0.002122338197659701
0.002168296999298036
0.002117694797925651
0.0021221998031251132
0.002115089795552194
0.0021083525964058934
0.0021067167981527746
0.002111287391744554
0.0021145693957805634
0.0021137070027180014
0.002108515799045563
0.0021150327986106275
0.0021598716033622623
0.00211533319670707
0.0021069400012493134
0.002106110192835331
0.0021022522007115184
0.002156070596538484
0.00210486960131675
0.002165160607546568
0.0021112421993166207
0.0021109089953824877
0.002109231799840927
0.0021540515939705075
0.002105082001071423
0.002114744996652007
0.0021123770042322577
0.0021579404012300072
0.002158113999757916
0.002154367207549512
0.0021536936052143573
0.002150643791537732
0.002163480396848172
0.002182839799206704
0.0021502017974853516
0.0021570345968939366
0.0021148246014490724
0.0021167104016058145
0.0021088692010380328
0.002113024401478469
0.0021158143994398416
0.0021635912009514867
0.002109439403284341
0.0021605066023766993
0.0021198282018303873
0.0021257266052998602
0.0021130725974217055
0.002110347803682089
0.0021665985928848385
0.002103083999827504
0.0021030991920270026
0.0021077409968711437
0.002110094402451068
0.002106353803537786
0.002119221992325038
0.0021225221920758487
0.002113497001118958
0.002162483602296561
0.002113204193301499
0.0021563985967077313
0.0021217070054262875
0.00216066479915753
0.0021677780081517995
0.002164669008925557
0.0021134428097866476
0.0021153197973035275
0.002163770596962422
0.0021686851978302
0.002156901208218187
0.0021611373987980185
0.002105175203178078
0.0021146932034753264
0.0021553051890805365
0.002124745794571936
0.002161861606873572
0.002114119997713715
0.002105729596223682
0.002118454407900572
0.002125693194102496
0.0021660902071744203
0.002117218996863812
0.0021114137955009936
0.0021143516059964895
0.002110027801245451
0.0021128110005520285
0.002168341598007828
0.0021139965974725783
0.00211083380272612
0.0021656636032275855
0.002177353005390614
0.0021576576051302253
0.002122890600003302
0.002169954194687307
0.002109710196964443
0.0021165129961445927
0.002109413605649024
0.0021160470088943837
0.00211635020095855
0.0021170316031202674
0.0021657819976098835
0.002109160798136145
0.0021200064104050396
0.002114542596973479
0.002113398408982903
0.0021095811971463263
0.0021181683987379074
0.0021698132040910423
0.0021099551930092277
0.0021058124024420978
0.002159048803150654
0.002114235400222242
0.002109710196964443
0.002158006408717483
0.002173541206866503
0.0021196573972702025
0.002163056598510593
0.0021112603950314223
0.002109042799565941
0.002105525997467339
0.0021086132037453353
0.002116578002460301
0.0021021225955337288
0.0021565702045336366
0.0021538928034715355
0.002104435407090932
0.0021082958090119066
0.0021136605995707215
0.0021110090077854694
0.0021121531957760454
0.0021623934037052093
0.002108846406918019
0.0021586011978797616
0.0021083954023197295
0.0021633666008710863
0.002110195194836706
0.0021124675986357033
0.0021155036054551603
0.002117881795857102
0.002172484202310443
0.002168052806518972
0.0021185275982134044
0.0021197146037593485
0.0021668041939847172
0.002161130600143224
0.0021690452005714176
0.002120742399711162
0.0021200873889029026
0.0021172825945541263
0.0021656670025549827
0.0021310987998731435
0.002165989193599671
0.002165205602068454
0.0021056034020148218
0.002112133603077382
0.0021090967929922044
0.0021171542000956835
0.00211267399135977
0.00210953300120309
0.002123818197287619
0.0021201274008490144
0.002115311601664871
0.002125726197846234
0.002116647397633642
0.0021581204026006164
0.002110232401173562
0.0021222454030066728
0.0021183416014537216
0.0021641865954734386
0.002109024196397513
0.002118459600023925
0.002112367795780301
0.0021179451956413685
0.0021097188000567257
0.0021245591924525797
0.0021733776084147394
0.0021202756091952325
0.002114001999143511
0.0021210590028204026
0.0021153053967282176
0.002165050804615021
0.002111666603013873
0.0021269295946694912
0.002119542798027396
0.0021706806030124424
0.0021247348049655557
0.002107018802780658
0.0021134705981239676
0.0021609497955068944
0.00211515020346269
0.0021638086065649985
0.002164147200528532
0.002159389806911349
0.002122516802046448
0.00216605078894645
0.0021694862050935628
0.002123400405980647
0.0021208129939623175
0.002161652804352343
0.0021659941994585097
0.00211513820104301
0.0021094226045534014
0.002161473990418017
0.0021191681968048214
0.002156467002350837
0.0021106765954755245
0.00211599679896608
0.0021123053971678018
0.0021263286005705597
0.0021193729946389793
0.0021203673910349607
0.002176640403922647
0.0021706340019591154
0.0021269615972414613
0.002119314600713551
0.0021180417970754206
0.002123750397004187
0.0021238411893136798
0.0021201472030952574
0.0021631452022120357
0.0021638392005115747
0.00215447359951213
0.002110101794824004
0.002164656191598624
0.0021304727997630835
0.0021114100003615023
0.0021668293979018927
0.0021135933930054307
0.0021621152060106396
0.0021126928040757775
0.0021416940027847884
0.0021511478000320492
0.0021484534023329615
0.0021504795993678274
0.002163285599090159
0.0022015713970176876
0.0021355879958719014
0.002132791397161782
0.00213757079327479
0.002131797804031521
0.0021362250088714065
0.0021442107972688973
0.002145714999642223
0.0021933550015091896
0.0021456190035678445
0.0021343676024116577
0.0021849352051503956
0.00213434980250895
0.002139581798110157
0.002190541790332645
0.002186920994427055
0.0021457239985466004
0.0021908333990722896
0.002134013397153467
0.0021318649989552794
0.002143293002154678
0.0021887660026550294
0.0021339453989639877
0.0021871592034585774
0.002124298398848623
0.0021282279980368913
0.002132461196742952
0.0021424506092444064
0.0021905633970163763
0.0021320348023436964
0.00214772840263322
0.0021570845972746612
0.0021929643931798636
0.002189614996314049
0.002145661797840148
0.002199737005867064
0.002135989791713655
0.002143174805678427
0.002135566808283329
0.0021479323972016574
0.0021163408062420787
0.002107947994954884
0.0021167650003917514
0.0021080058068037033
0.0021063932101242243
0.0021505307988263665
0.0021537585998885334
0.0021134539972990753
0.0021157131996005774
0.0021129319909960033
0.00211122379405424
0.0021314946003258227
0.002187030203640461
0.0021744978032074867
0.002123461803421378
0.0021253507933579386
0.002179548004642129
0.0021237609907984734
0.0021295190090313554
0.0021346899913623927
0.002146922005340457
0.002140533202327788
0.0021244707982987165
0.002124043006915599
0.0021696303971111774
0.002186962601263076
0.002146512409672141
0.002139660995453596
0.0021352319978177547
0.002154574601445347
0.0021487453952431677
0.0021824451978318393
0.0021932363975793122
0.0021194110042415558
0.0021423436002805827
0.002128042606636882
0.002180870797019452
0.0021331488038413226
0.0021374583942815662
0.0021389385918155314
0.0021334457909688354
0.002146681398153305
0.0021343873930163683
0.0021347385947592555
0.0021380702033638953
0.002140807791147381
0.0021492897998541594
0.0021836109925061466
0.002126589405816048
0.002142038592137396
0.0021896939957514404
0.0021448067971505226
0.0021818917943164707
0.0021071695955470204
0.002152703597676009
0.002147863002028316
0.0021425288054160775
0.002106801397167146
0.0021313008037395775
0.002131197799462825
0.0021345527959056197
0.0021028722054325043
0.0020929955993779004
0.0020984109956771134
0.002094922005198896
0.0021004519890993833
0.0020995140075683594
0.0020954494015313686
0.0020949329948052762
0.0020999933942221103
0.0020976248080842195
0.0021453925990499558
0.002100290195085108
0.002152306796051562
0.0021524611976929007
0.002099220990203321
0.002091297006700188
0.002139548410195857
0.0021430214052088558
0.0020934600033797324
0.0020952629973180594
0.002149231405928731
0.0020997264073230326
0.002150659600738436
0.002094739396125078
0.0020993540063500406
0.0021476667956449092
0.002144278399646282
0.0021750280051492155
0.0021210171980783343
0.002118624991271645
0.002125111606437713
0.0021886441973038018
0.0021445641992613672
0.0021378571982495487
0.002127408399246633
0.002135372394695878
0.0021381492028012873
0.0021876165992580354
0.00214009900810197
0.0021312446100637318
0.002143482200335711
0.002185306593310088
0.002135552407708019
0.002129144198261201
0.002142881602048874
0.002134371397551149
0.002148261002730578
0.0021356182056479155
0.0021229473990388215
0.0021829923964105545
0.002144030202180147
0.002136967598926276
0.0021478865994140504
0.002135131205432117
0.002129023405723274
0.0021864537964574994
0.0021823941962793468
0.0021830529905855654
0.0021810408099554477
0.002187036001123488
0.00213657139101997
0.002183209196664393
0.0021315298043191435
0.002125993592198938
0.002137179602868855
0.002135686797555536
0.002131382399238646
0.0021841097972355784
0.0021400453988462687
0.002133948204573244
0.0021432816050946713
0.0021759320050477983
0.0021311176009476186
0.0021352732088416814
0.002180485404096544
0.0021294703939929603
0.0021443074103444813
0.002131798805203289
0.0021864456008188426
0.0021414538030512633
0.002131031802855432
0.0021321656065993013
0.0021356543991714718
0.0021385733969509603
0.002137762401252985
0.0021332480013370515
0.002140295400749892
0.0021300762076862157
0.0021380022051744165
0.0021786910016089677
0.002183861203957349
0.0021308018011040987
0.0021303498069755733
0.0021876591956242917
0.0021521029993891716
0.002197250595781952
0.0021334516000933944
0.0021357670077122746
0.0021363824023865165
0.0021322072017937897
0.0021379149984568357
0.002126257598865777
0.002243184403050691
0.0021390903973951938
0.0021410863962955775
0.0021290073986165226
0.0021856070030480622
0.002140122605487704
0.00218845100607723
0.002188799995929003
0.002181449392810464
0.00219496259232983
0.0021342937950976195
0.0021392478025518357
0.0021311608026735483
0.002182111400179565
0.0021368743968196214
0.002143771608825773
0.002139011595863849
0.0021428682026453315
0.0021403034101240338
0.0021360744023695586
0.0021353985997848214
0.002128997608087957
0.002134992799255997
0.002142805198673159
0.002139870391692966
0.0021373986033722757
0.002177925396244973
0.0021838173968717458
0.0021867371979169548
0.002132476004771888
0.0021344438078813254
0.002132751198951155
0.002187712991144508
0.0021325196023099123
0.0021889572031795978
0.002131086797453463
0.0021373301977291705
0.002136762603186071
0.002139629202429205
0.0021827106014825405
0.0021410217974334954
0.0021243121940642596
0.0021715849987231197
0.002187283604871482
0.0021418399992398918
0.0021288542076945303
0.0021308141993358733
0.0021325328038074077
0.0021839340100996197
0.0021867641946300862
0.0021829288103617727
0.0021248909994028508
0.0021246277960017324
0.002177759993355721
0.002129180601332337
0.0021781881921924652
0.0021282149944454433
0.002178099600132555
0.0021328903967514634
0.0021366273984313013
0.002175118203740567
0.002129951200913638
0.002173316793050617
0.0021225295960903166
0.0021344169974327086
0.002177504007704556
0.002130154601763934
0.002122610795777291
0.0021857858053408565
0.002126007806509733
0.002179799193982035
0.0021325861918739973
0.0021740088006481527
0.0021304413909092545
0.0021327011985704304
0.0021145337959751487
0.0021814572042785584
0.002178972796536982
0.0021798603935167193
0.0021327201975509524
0.002175441791769117
0.0021260561887174846
0.0022162804030813276
0.002138047607149929
0.0021359540056437253
0.0021284544025547804
0.0021788244019262494
0.002171444392297417
0.0021842041984200477
0.0021228868048638106
0.002129161800257862
0.0021790683967992663
0.0021339038037694992
0.0021778119960799815
0.00213365419767797
0.0021272788057103754
0.0021364187938161193
0.0021320847910828887
0.002134059206582606
0.002124818996526301
0.0021249296027235688
0.002127851406112313
0.0021260085981339217
0.0021214138017967344
0.002128182805608958
0.002131419803481549
0.002140231803059578
0.0022015944006852804
0.002128721808549017
0.002130412997212261
0.002174975594971329
0.0021316224010661244
0.0021876815939322115
0.0021261124056763947
0.0021244361996650696
0.0021353084011934698
0.002131328999530524
0.0021281104069203137
0.0021475228015333412
0.00214134999550879
0.0021914046024903654
0.002141758194193244
0.002192282397300005
0.002136232203338295
0.0021911188028752803
0.002137071394827217
0.0021367026027292015
0.0021888863993808627
0.002152703597676009
0.0021360283950343727
0.0021341642015613614
0.0021346718072891234
0.0021378488047048448
0.0021413135924376546
0.002132719603832811
0.0021423303987830877
0.002145367208868265
0.0021358891972340643
0.002135760395321995
0.002184258005581796
0.0021974661969579755
0.002197903802152723
0.0021395170013420286
0.0021420908044092355
0.0021886524045839906
0.0021804861957207323
0.0021387647953815757
0.002124819194432348
0.002175951993558556
0.00212802899768576
0.002133928402327001
0.0021728988038375975
0.0021314910030923785
0.002124443999491632
0.0021503368043340743
0.0021217096014879643
0.002181052800733596
0.002136442402843386
0.0021370103931985795
0.002144155406858772
0.0021452161949127913
0.002133884991053492
0.0021315256017260253
0.0021432113950140773
0.0021881387918256225
0.0021864325972273946
0.00213048979640007
0.002126978395972401
0.002138341590762138
0.002145515591837466
0.0021429807995446025
0.002133517398033291
0.0021363771986216305
0.002132151008117944
0.002148327394388616
0.0021341398009099067
0.0021870885975658894
0.0021821822039783
0.0021086625987663866
0.002108979201875627
0.002105910994578153
0.0021625385968945922
0.002165306394454092
0.0021621882100589574
0.002110655594151467
0.002115551207680255
0.002122737804893404
0.002164514397736639
0.002114052197430283
0.002118623605929315
0.0021642385981976986
0.0021169384010136126
0.002106692804954946
0.00215791939990595
0.002158412802964449
0.0021619793958961965
0.002117058204021305
0.002155152801424265
0.002168955991510302
0.002156295801978558
0.002115816401783377
0.0021173314074985684
0.002114087995141745
0.002154816803522408
0.0021139287971891465
0.0021078174002468588
0.0021117337979376315
0.002116595790721476
0.0021135506103746593
0.0021137629984878
0.0021104610059410334
0.0021595790050923823
0.0021098127937875686
0.0021070407936349513
0.002107496396638453
0.002153749205172062
0.0021078523946925997
0.0021550520090386272
0.0021018930012360213
0.0021096461918205024
0.0021689341985620557
0.002118574199266732
0.002107154601253569
0.0021173576009459794
0.0021083944011479616
0.0021592284087091685
0.0021109180059283974
0.002105251990724355
0.0021132896072231233
0.0021152665955014526
0.0021109623950906096
0.002162057999521494
0.002169095806311816
0.0021577010047622025
0.002157218800857663
0.0021133566042408347
0.0021086391992866994
0.002114137599710375
0.0021109965979121625
0.002110067999456078
0.0021567475982010365
0.0021069790003821255
0.002105770993512124
0.0021122514037415384
0.0021098166005685927
0.0021192632033489645
0.00212362720631063
0.0021121258032508194
0.0021155965980142353
0.002166716801002622
0.0021130623994395138
0.0021152436034753918
0.0021635368000715973
0.002109026594553143
0.0021640883991494776
0.0021072837989777327
0.0021221204078756273
0.0021677287993952634
0.0021140414057299493
0.0021072321920655667
0.002166234003379941
0.0021140577970072626
0.002116162597667426
0.0021167407976463437
0.002112977590877563
0.0021589983953163028
0.001984887395519763
0.0021174473920837046
0.0021243953960947692
0.002104798995424062
0.002114541397895664
0.0021625160006806254
0.0021212323918007314
0.0021168300067074598
0.0021209003985859453
0.0021124646067619325
0.002166242804378271
0.0021116732037626206
0.0021571503952145577
0.0021409727982245387
0.0021466937963850797
0.0021678979974240065
0.0021238076034933327
0.0021721263998188078
0.0021220356109552087
0.002108409395441413
0.0021232493920251725
0.0021145222010090945
0.002176337002310902
0.002121316397096962
0.0021280932007357476
0.002124259795527905
0.0021252769976854323
0.002172351605258882
0.00212842560140416
0.002176448202226311
0.002178620791528374
0.0021561387926340102
0.002157769002951682
0.0020983126014471054
0.0021475173998624086
0.00213737019803375
0.0021322457934729753
0.0021400292054750024
0.0021340289968065917
0.0021383028011769055
0.0021386721986345948
0.0021345581975765527
0.002138511196244508
0.002140113594941795
0.002127068000845611
0.0021369479945860803
0.002124485396780074
0.0021591193974018095
0.0021623071981593965
0.0020997090032324195
0.0021215784014202653
0.002161129401065409
0.0021586806047707795
0.0021060863975435494
0.0021644462016411127
0.0021131679997779427
0.002161919604986906
0.002171160210855305
0.0021197595982812346
0.002120968606323004
0.002124322589952499
0.002161321393214166
0.0021605698042549194
0.002126821596175432
0.0021157813956961037
0.0021098233992233872
