average_runtime 0.007384891597111709
0.008101524400990457
0.007397354603745044
0.007151564594823867
0.0077959686052054165
0.006633228389546275
0.007071162597276271
0.007641421200241893
0.007742558396421373
0.0077037257957272235
0.008094274799805134
0.006882776797283441
0.007122265198267997
0.006626592995598912
0.007602151203900576
0.007293818192556501
0.006538704596459865
0.0067477036034688355
0.006969470600597561
0.007653560396283865
0.007157306605949998
0.0076442698016762735
0.007615048799198121
0.007299619598779827
0.007367125595919788
0.00776517839403823
0.0073582343989983204
0.007268163003027439
0.007395924208685756
0.0076686116051860155
0.00715982960537076
0.0071325420052744445
0.007338486798107624
0.0077749956049956385
0.006530663801822811
0.007353182800579816
0.006743604398798198
0.007289544004015625
0.007597834593616426
0.007722571399062872
0.006973061210010201
0.007304311194457114
0.006697914598044008
0.00726335080107674
0.007168884994462133
0.0066816141945309935
0.007003275596071034
0.00714096340816468
0.007383358804509044
0.007965316995978355
0.007233638199977577
0.006999316404107958
0.0076245306059718135
0.007724358595442027
0.007332889002282172
0.007632136205211281
0.006984717596787959
0.007015560590662062
0.007221077801659703
0.007679835800081492
0.006753622798714787
0.007722173200454563
0.006939839594997466
0.008023608603980392
0.006981725001242012
0.007657391997054219
0.007931684399954975
0.007419880607631058
0.007045003795064985
0.007131615607067943
0.007393817603588104
0.007653119799215347
0.0076875551952980455
0.007173229998443276
0.007661536592058838
0.007047513802535832
0.007048360398039221
0.008041383197996766
0.007319727796129882
0.006497947999741882
0.007788190804421902
0.0073218150064349174
0.007162335398606956
0.006500607402995229
0.006983782001771033
0.007131878798827529
0.00695801479741931
0.008268411201424897
0.006700561207253486
0.007141368603333831
0.007640824804548174
0.007160578400362283
0.007621873402968049
0.0075751476106233895
0.0068957451963797215
0.007218468794599175
0.007690466800704598
0.007370494608767331
0.007446140795946121
0.007337502203881741
0.00702856519492343
0.007844097004272044
0.0073110184050165115
0.007097916398197413
0.006319500203244388
0.007200691604521125
0.0065291102044284345
0.007102941803168505
0.0070062253973446785
0.0065461126039735975
0.007644085201900452
0.007162025198340416
0.0077201997977681455
0.0065616181935183706
0.006981810601428151
0.007358681003097445
0.007335259206593036
0.007124603993725031
0.007794080197345466
0.007230495009571314
0.007324254198465496
0.006732652394566685
0.006966368190478534
0.0071738640079274775
0.00711782060097903
0.0070886963978409765
0.007358009798917919
0.007335782598238439
0.008039945201016963
0.006780597404576838
0.006953178998082876
0.00698816180229187
0.007980475400108844
0.007406934793107211
0.0071356369997374715
0.007122435001656413
0.007003707601688803
0.00711375359678641
0.0074259064043872055
0.0070172555977478625
0.007137211400549859
0.006619947601575404
0.006988205609377474
0.00664002459961921
0.007140492799226195
0.0069488264038227495
0.007152791600674391
0.006228041206486523
0.007507507805712521
0.006591775803826749
0.007041507796384394
0.007650159194599837
0.0070381172001361845
0.006871833594050259
0.006694006803445518
0.006557493598666042
0.006982015003450215
0.007080274203326553
0.006603744393214583
0.007549280591774732
0.006977873598225414
0.007350960199255496
0.007968665205407888
0.0070066934102214875
0.007355559791903943
0.0077026871964335445
0.007112111407332122
0.007385926402639598
0.008009108598344028
0.006640331994276494
0.00778255999321118
0.007167993998154998
0.007466521195601672
0.008064217795617879
0.006372666801325977
0.007918856397736818
0.0082561403978616
0.0076075964025221765
0.007558143604546786
0.007264227594714612
0.00767921160440892
0.006918023200705647
0.008222142595332115
0.007923940801993013
0.006757608999032527
0.0077950807986781005
0.008084551605861634
0.007003733201418072
0.007032099994830787
0.008223265199922026
0.007025880401488394
0.00721185359871015
0.010223174002021551
0.00749478479847312
0.006972520600538701
0.007306443201377988
0.00805012439377606
0.0069265945930965245
0.007101837603840977
0.007142186001874507
0.0070661243982613085
0.007735158200375736
0.006553085998166353
0.006483878393191844
0.007938156800810248
0.007862505991943181
0.006736007600557059
0.007213575590867549
0.007311661401763559
0.007100036600604653
0.0065415918012149635
0.006676905206404626
0.007067399402149022
0.007298348611220718
0.00730010939296335
0.008115020801778883
0.007579680602066219
0.007240176200866699
0.007374389399774373
0.00795886639971286
0.00900939260609448
0.008008609001990408
0.007494374399539083
0.007321763399522752
0.007877623802050948
0.007406740600708872
0.00794864579802379
0.007818792411126197
0.007127895997837186
0.0074508121935650705
0.007881010801065713
0.0071758323931135235
0.007420705794356763
0.007947767397854476
0.007268808397930116
0.007385575596708804
0.007639849802944809
0.007259136810898781
0.007091746607329696
0.0069516283925622705
0.0069624645984731615
0.006811064993962645
0.006897924398072064
0.006704458000604064
0.007571951404679566
0.007049150404054671
0.007415488990955055
0.007156338403001427
0.006981269002426416
0.007835051801521331
0.007345481403172016
0.007576404802966863
0.006282990600448101
0.007008329790551215
0.0070021281950175766
0.008260475599672645
0.007157492206897586
0.007196957396809011
0.007139480393379927
0.007776294008363038
0.007932006404735148
0.007965017599053681
0.00799090180080384
0.007911204197444021
0.008195664593949914
0.007453269592951983
0.007903319201432168
0.008379717799834907
0.006870624201837927
0.007309246202930808
0.006967808795161545
0.007310761197004467
0.006988717010244727
0.008119256794452667
0.007649140595458448
0.007741679798346013
0.007345154997892678
0.007285594998393208
0.006210806604940444
0.006541738996747881
0.007709690008778125
0.007248595799319446
0.007218412996735424
0.007614763802848756
0.007084660406690091
0.007119694806169719
0.007477028202265501
0.007448609196580946
0.006864101404789835
0.008349069789983333
0.007491169404238463
0.00801113520283252
0.007390045397914946
0.007823843404185026
0.0078085354063659905
0.00823894499335438
0.007330930407624692
0.006959218194242567
0.007769589207600802
0.008308122202288359
0.008019782602787018
0.007702649792190641
0.006620270200073719
0.007149016205221415
0.007771415996830911
0.007126992801204324
0.007848323800135403
0.007118404796347022
0.006897434999700636
0.007265721599105745
0.00714654519688338
0.007928144000470639
0.007424611994065344
0.007172388804610819
0.007512313802726567
0.006869043596088887
0.007165089598856866
0.007691132405307144
0.007154021598398686
0.0072372978087514635
0.00786392199806869
0.007919585600029677
0.007973585394211113
0.007509233406744897
0.0076526829972863196
0.007416220591403544
0.007364553399384022
0.007459030800964684
0.006986774003598839
0.007144706603139639
0.007709427608642727
0.008022555999923497
0.007061394792981446
0.006966260599438101
0.007218053797259927
0.007061327807605267
0.00702922580530867
0.00744820199906826
0.007670865010004491
0.007531484996434301
0.007521428808104247
0.008339392999187113
0.007258511602412909
0.007078894798178225
0.008045154996216297
0.00838530840119347
0.007222988200373948
0.007610771805047989
0.007264522404875606
0.007070457795634866
0.006600065808743239
0.006364345597103238
0.007113850198220461
0.006494433793704957
0.007575390802230686
0.0075831622001715
0.006948487798217684
0.006825638003647327
0.007472788193263113
0.007760581793263555
0.007063078996725381
0.007965270208660512
0.007188090810086578
0.007921507791616022
0.0069650363991968335
0.00816202440764755
0.006902916601393372
0.007154042599722743
0.006849057995714248
0.007186853396706283
0.007883677806239575
0.007730742800049484
0.007181235996540636
0.007117562997154892
0.007729889801703393
0.007669387198984623
0.00784362240228802
0.006958990998100489
0.006926933396607637
0.007343541609589011
0.00791026339866221
0.007186967402230948
0.00783277980517596
0.007925787603016942
0.007759232795797289
0.007100647198967636
0.007082840998191386
0.006964073400013149
0.007320453389547765
0.007044816599227488
0.0075734899961389605
0.008109074004460126
0.00721252120565623
0.007642547797877342
0.007233091595117003
0.007983611396048218
0.007292813004460186
0.007197206804994494
0.007382635993417352
0.007864166994113474
0.007150280789937824
0.007569766999222338
0.007563672005198896
0.0073310388019308444
0.006450353795662523
0.007439965405501426
0.008339413208886981
0.00729544380446896
0.007496224797796458
0.007436285598669201
0.0070944448001682755
0.008007101609837263
0.007638352399226278
0.0074209035956300795
0.0072644360014237465
0.007935758004896343
0.006846433400642127
0.007216666208114475
0.007826606195885688
0.007919175399001688
0.007287212403025478
0.007948120008222759
0.007757618208415806
0.007770543603692203
0.0071200079983100295
0.007891508005559444
0.007659858197439462
0.007227194402366877
0.007025608001276851
0.007938409596681595
0.007896432001143695
0.0076915313955396416
0.00682607120834291
0.007656853401567787
0.007361168600618839
0.007849478791467846
0.007134805794339627
0.006786604993976653
0.006618914392311126
0.006785026995930821
0.006591048999689519
0.007191247399896383
0.007944085996132343
0.008081734797451645
0.006966390798334032
0.006970723008271307
0.006912302598357201
0.007018717005848885
0.0072542460053227845
0.00724649119656533
0.008120712998788804
0.0077446842100471255
0.00802838079398498
0.007203565398231149
0.007810472603887319
0.007017409999389201
0.007108699402306229
0.007737995602656156
0.00712600820697844
0.008187916607130318
0.007084341801237315
0.006911693199072033
0.0072824965929612516
0.007020655192900449
0.006669011001940816
0.007285885605961084
0.0077339277951978145
0.007083885604515672
0.007192282599862665
0.007636749197263271
0.007171934598591179
0.006854713603388518
0.007482305599842221
0.007280198205262422
0.008057675801683217
0.006702941399998963
0.006629508000332862
0.007940898195374756
0.006985451409127564
0.006859466410242021
0.008081661397591233
0.007749954797327518
0.007239984802436083
0.00842044319724664
0.0069678541971370574
0.006600656791124493
0.007253987994045019
0.007967409200500698
0.007037405204027891
0.007985685800667853
0.007123532809782773
0.006768391793593764
0.006988045002799481
0.007495138002559543
0.007822711998596788
0.006431384000461548
0.007483310194220394
0.007590055000036955
0.007831772603094578
0.007843799004331232
0.007387136202305555
0.007972925191279501
0.007089138589799404
0.007656802202109248
0.007375937397591769
0.007944964803755283
0.006777898594737053
0.006601754599250853
0.007662651198916137
0.007060609804466367
0.007038346794433892
0.007849921798333525
0.00800167500274256
0.007223794003948569
0.0072443727985955775
0.007695364195387811
0.007402733596973121
0.006358691002242267
0.00786540739936754
0.007888200599700213
0.006730431201867759
0.006703410996124148
0.007744697597809136
0.006989106198307127
0.0070281113963574175
0.006769038992933929
0.007274754601530731
0.006707011407706886
0.006957414199132472
0.006697960395831615
0.008151074999477714
0.0076450066058896485
0.007343906606547534
0.007045791810378432
0.007332727592438459
0.007244092598557472
0.006828587607014924
0.007668865402229131
0.007685708603821695
0.006576964794658124
0.007551311806309968
0.0065908671938814225
0.008010049595031887
0.007039880589582026
0.007718338002450764
0.007109842193312943
0.0071808031992986795
0.007370758394245058
0.00764687960036099
0.0071698868065141145
0.007682954601477832
0.0069171309936791655
0.007574585999827832
0.007929132995195686
0.006557055190205574
0.007145744399167597
0.00982992899371311
0.007155130803585053
0.007900291809346528
0.007304654002655298
0.007621778198517859
0.0077489692019298674
0.007794545195065439
0.007681724999565631
0.007287325395736843
0.0072514967992901806
0.006803791003767401
0.006989346793852746
0.007014842599164695
0.007216142199467868
0.006938210001681
0.007404919597320259
0.007576726202387363
0.007031301991082728
0.007070543000008911
0.007296332204714417
0.006996286404319108
0.00807730359956622
0.0065777583979070185
0.00793367619626224
0.007737366599030793
0.007047043205238879
0.0063074563979171215
0.00796650880947709
0.007974184397608042
0.007283460407052189
0.007424850203096867
0.0076995323994196955
0.007694643200375139
0.008113599591888487
0.007029242406133562
0.007056013599503785
0.008035926602315158
0.00795573319774121
0.008006815006956458
0.006680643605068326
0.0070552877965383235
0.007186378398910165
0.0077935308101587
0.006624132604338228
0.006874418607912958
0.006092682399321347
0.006952428992372006
0.007131100003607571
0.007913973205722869
0.0076049327966757115
0.006570647400803864
0.007053312205243856
0.007711218192707747
0.006917814200278372
0.006930885196197778
0.007215526595246047
0.007227089791558683
0.007002946606371551
0.007176844996865839
0.006423894793260843
0.008116412593517452
0.007274007808882743
0.007430446206126362
0.007471768802497536
0.0072616216028109195
0.006866015202831477
0.007979398395400494
0.008038581802975387
0.007922775601036847
0.007891672605182976
0.007904981996398419
0.006790343800093979
0.007755136594641954
0.007003368996083737
0.007437685609329492
0.006935305998194963
0.007101964799221605
0.007339540799148381
0.007908340997528285
0.007428406795952469
0.007208680408075452
0.00743597459513694
0.007763215806335211
0.00624234180431813
0.00683307220460847
0.00918120740680024
0.006691658194176853
0.007145428005605936
0.007352773600723594
0.007755645399447531
0.007153060205746442
0.007725070207379758
0.0071482445928268135
0.00720949019305408
0.007462802797090262
0.00769723360426724
0.007112411595880985
0.007691797195002436
0.007085767597891391
0.007403667003381997
0.007927903800737112
0.007828259200323373
0.007266110996715725
0.00741043760208413
0.00798037638887763
0.00726899579167366
0.007774174609221518
0.007163967401720583
0.006766386202070862
0.00709034240571782
0.007095407403539866
0.006881719606462866
0.006635291804559529
0.0077491512056440115
0.007118725206237286
0.007093921804334968
0.006684103398583829
0.007891943003050983
0.007224859402049333
0.007857928599696607
0.007554329407867044
0.007699400198180229
0.007836583210155368
0.007235718192532659
0.0067237077979370955
0.0070555848069489
0.007708583399653435
0.007380715000908822
0.007649941800627858
0.006707377394195646
0.006938807806000114
0.007197153195738793
0.007007807597983628
0.007508309406694025
0.006373789603821933
0.006937496596947312
0.007299996202345937
0.006923664198257029
0.0067274851957336065
0.0076133765978738666
0.008138290408533066
0.008074073202442378
0.006992630602326244
0.0071202822029590605
0.007407682400662452
0.007929817796684802
0.007348601997364312
0.00847191020147875
0.0074537758016958834
0.007054969796445221
0.006985352199990302
0.0066460587899200615
0.007577614404726774
0.007580998796038329
0.007097374205477536
0.007896646403241902
0.008170273399446159
0.006656048190779984
0.0069793608039617535
0.006998875399585813
0.0072503990028053526
0.008362345001660287
0.008134261402301491
0.00801438420312479
0.007214293198194355
0.006449915806297213
0.007757772400509566
0.006754418008495122
0.00789281539618969
0.0072699679993093015
0.008088627806864679
0.007398997200652957
0.007346052397042513
0.008232601790223271
0.007832091592717916
0.007820414996240288
0.007420556200668216
0.006771518208552152
0.007739521004259587
0.007121024397201836
0.007088295603170991
0.00789047459838912
0.007162415399216115
0.007447604008484631
0.007550382404588163
0.00802946399198845
0.007438805804122239
0.0077389034093357624
0.007269567402545363
0.008562370599247516
0.008050679799634964
0.007836692396085709
0.007032070402055978
0.007735999010037631
0.007217135198879987
0.007823040196672081
0.007044088596012443
0.007226168003398925
0.007076179992873221
0.008236518199555575
0.007851752999704332
0.008121813391335308
0.00717085039941594
0.007301242800895125
0.007886115205474198
0.007467816793359816
0.008061154198367148
0.007008483202662319
0.007292687194421887
0.007387898990418762
0.007593535806518048
0.007309919595718384
0.0072341052000410855
0.007660124194808304
0.007261385396122933
0.006940349808428436
0.007248120394069702
0.007629538001492619
0.006739072408527136
0.00713784919353202
0.007936158403754234
0.007064520800486207
0.00708086920203641
0.00782833939883858
0.007629099604673684
0.007781483605504036
0.007053558004554361
0.0070543869980610905
0.007449804397765547
0.0074762820033356546
0.006606447394005954
0.006704253400675953
0.007010877400171011
0.00773583120899275
0.007175728410948068
0.007860412204172463
0.007207180396653712
0.007831545791123062
0.007063782401382923
0.007163341995328665
0.007827153196558356
0.007157924200873822
0.007156032207421959
0.007251216203439981
0.007667878200300038
0.006742243410553783
0.007330593199003488
0.00703538020607084
0.007332442793995142
0.007469295605551452
0.00713446760782972
0.0072032248019240795
0.008059311995748431
0.008069960202556103
0.007971404201816768
0.007060693798121065
0.007203151599969715
0.007873706403188407
0.00805675060255453
0.007218359806574881
0.006754414597526193
0.007941837003454567
0.0075034967972897
0.007295496400911361
0.007748172804713249
0.006809976603835821
0.006973995396401733
0.007292335201054811
0.007174054998904467
0.007813271996565164
0.00752534520579502
0.006995022797491401
0.007619652000721544
0.007439004408661276
0.0074469835963100195
0.007049934798851609
0.006808230595197529
0.00810554880881682
0.008166255406104028
0.007307642593514174
0.006881053792312741
0.007027096603997052
0.0075205398024991155
0.007588095194660127
0.007284472801256925
0.006823083199560642
0.0070349829969927665
0.006705316808074712
0.007099704397842288
0.008103287394624204
0.007955746399238706
0.007097561995033174
0.007405652001034468
0.007081703410949558
0.008091978391166776
0.008035058993846178
0.008568622602615506
0.007209733605850488
0.007196940598078072
0.007071689201984555
0.007905881805345415
0.007316090411040932
0.007411562197376043
0.00795136319939047
0.006782630598172546
0.0071603727992624044
0.008296152797993273
0.008001724001951515
0.007871073402930051
0.007622867391910404
0.007699713401962072
0.007731670991051942
0.008129472401924432
0.0071417168015614155
0.007562158594373614
0.007494848396163434
0.007913429802283645
0.007524251798167824
0.007057174004148692
0.007457763608545065
0.0073765750043094155
0.00732940660091117
0.0077112443977966905
0.0071982598048634825
0.008580984198488295
0.0069516348070465025
0.0073141464032232765
0.006962978001683951
0.008259695395827294
0.007390601397491992
0.007880372600629926
0.007117998192552477
0.007271585403941572
0.007983633002731949
0.007298994401935488
0.007218226802069694
0.007353209203574807
0.007114163390360773
0.008301344001665711
0.007721632998436689
0.007036214403342456
0.007116004207637161
0.007058770605362951
0.007833179202862084
0.007992751197889447
0.007817864790558815
0.00802226880332455
0.007902969792485236
0.0071058926056139175
0.007933677395340056
0.007810100598726421
0.007247248198837042
0.007444864604622126
0.00789004199905321
0.0071386480005457996
0.007151479599997401
0.0074110285961069165
0.00716877660015598
0.007493513205554336
0.007397684000898153
0.007250244601164013
0.00710891280323267
0.0082298998022452
0.00744084179168567
0.006987580994609744
0.007858029007911682
0.0069970534066669645
0.008676273608580231
0.007276023807935417
0.007512736204080284
0.008303058589808643
0.007040894601959735
0.0071613445994444195
0.008104579604696483
0.007203346001915634
0.007268046599347144
0.0072583105997182425
0.007422427204437554
0.007868105999659748
0.005458251002710313
0.0071801940095610915
0.007630524400155991
0.007030647993087768
0.0072235577972605824
0.008660658390726893
0.0069181538070552055
0.007813029806129634
0.006903408793732524
0.007068394205998629
0.00797663799021393
0.007027793594170361
0.007919316203333438
0.007115826208610088
0.007406235602684319
0.008052628592122347
0.007403530599549413
0.007795610395260155
0.007686647598166019
0.006424384796991945
0.007061268598772585
0.006889299605973065
0.008058706403244287
0.007202071801293642
0.006716478406451643
0.007654983398970217
0.007507165602874011
0.008013109001331032
0.007486706401687115
0.00811206439975649
0.007858249801211059
0.00808753939345479
0.008001030201558023
0.0071302166092209514
0.008447955199517309
0.007771820004563779
0.007604288798756897
0.007260863005649298
0.006944204994942993
0.007310151006095111
0.0068830801988951865
0.007693734799977392
0.00830953719560057
0.007370095804799348
0.007148769404739142
0.007497977197635919
0.007170519605278969
0.0077434894046746194
0.008043706195894628
0.006628514803014696
0.0073172820033505555
0.0077607522020116445
0.00828444299986586
0.0074591692071408035
0.00788637240184471
0.007285217207390815
0.007922313397284598
0.00771039939718321
0.006834744394291192
0.007380398199893534
0.007065277604851872
0.007903647399507463
0.008023838594090194
0.007669073203578592
0.006849814602173865
0.007081388798542321
