average_runtime 0.0020262212077093327
0.0020747483940795064
0.00201536399545148
0.0019918726058676837
0.0020576551905833185
0.0020502262050285935
0.0020562659949064253
0.002074091602116823
0.002045380405616015
0.0020585346035659315
0.002001555392052978
0.0019440741976723074
0.002057520195376128
0.0020462999935261907
0.0020533170085400344
0.002061909798067063
0.0020440741907805206
0.0021021645981818436
0.002047315600793809
0.0020488371956162155
0.0020503908046521245
0.0020585362100973724
0.002114313200581819
0.002047278394456953
0.0020610337960533798
0.002037427597679198
0.0020176856080070136
0.0019836660008877515
0.0020368286059238017
0.0019862021901644765
0.0019722528057172896
0.0020627449965104462
0.0020188380032777785
0.0021140162018127738
0.0020569693995639684
0.0019610246061347427
0.0020565786049701273
0.0020340760005638004
0.0020516904070973395
0.0020601312047801913
0.0020454181940294802
0.0020016605965793135
0.002030990202911198
0.002054459403734654
0.0020371516002342105
0.00206920700147748
0.0020417874096892775
0.0020547530031763015
0.0019796947948634625
0.002037466398905963
0.0020513479947112502
0.001977278804406524
0.0020270142005756496
0.0020361216040328143
0.0020581332035362722
0.0019900911953300237
0.0020681950030848385
0.0019274509977549314
0.0020617691916413605
0.0020625791978091
0.0020822354010306297
0.0020429305965080856
0.0014095263904891908
0.002069918205961585
0.0020836830022744834
0.002054962597321719
0.001983380597084761
0.002084149804431945
0.001987471804022789
0.0020138760097324847
0.0020361433969810607
0.0020296561997383833
0.002086743398103863
0.002074855810496956
0.002060181205160916
0.0020376753993332384
0.0019411604036577046
0.002042803401127458
0.002071108401287347
0.0019710271968506276
0.0020505468011833726
0.002072075998876244
0.002048522199038416
0.002041661599650979
0.0020681175985373555
0.00198969499906525
0.0019238870008848608
0.0019804420066066087
0.002045798406470567
0.002048354991711676
0.0020063486066646875
0.0020687430049292745
0.002077280601952225
0.0019301402033306658
0.002058358595240861
0.0019785608048550783
0.0019663276034407318
0.002047806396149099
0.001999613200314343
0.0020502214087173344
0.002082663599867374
0.001980392006225884
0.002041058405302465
0.0020494702039286494
0.001922531600575894
0.0020603063981980085
0.0020431896089576186
0.0020313548040576277
0.0020373063976876437
0.0019884809968061744
0.0020599948009476067
0.0020603107986971736
0.0019708073930814864
0.0020417199935764073
0.002109178795944899
0.0020316426060162486
0.002069052599836141
0.0019868795992806555
0.0020158117986284196
0.0020298484014347196
0.002120265201665461
0.002044331398792565
0.0020529016037471592
0.0019319362007081508
0.002050802600570023
0.0020326049998402596
0.002041013794951141
0.0020745913963764904
0.0019449800020083785
0.002058980194851756
0.0019686004030518233
0.0019715066067874432
0.001981437194626778
0.002041354402899742
0.002061990392394364
0.0020511394017376007
0.0020894474000670016
0.002070544206071645
0.0020457676029764114
0.002036202000454068
0.002035331795923412
0.001953143603168428
0.0021072487928904594
0.0019978138036094604
0.002003686793614179
0.0020437191938981413
0.002040389203466475
0.002043721592053771
0.0020286740036681294
0.0019793879939243196
0.0020129105891101063
0.002030783798545599
0.002038838795851916
0.002007140591740608
0.0020430063945241273
0.002051136805675924
0.002029775804840028
0.0021028031944297252
0.0020401917980052533
0.002044836804270744
0.00204589799977839
0.00203545760596171
0.0020402826019562783
0.002126695599872619
0.0020685547962784765
0.0020358848036266864
0.00198970299679786
0.0020514455973170698
0.001989149593282491
0.0020660012029111384
0.002110161795280874
0.0020695032086223363
0.002045373397413641
0.0020656363922171295
0.0020418828004039823
0.001981543400324881
0.0020514461910352113
0.0019567035953514276
0.002045106200966984
0.002050209604203701
0.0020476786070503295
0.0020588307990692554
0.0020551480003632603
0.001986664591822773
0.0021067975903861225
0.0021282691974192857
0.001986472203861922
0.002302967803552747
0.0020368717960081995
0.0020291402004659178
0.0020831792033277454
0.002098814002238214
0.0021207785932347177
0.002108529198449105
0.002045029401779175
0.0020167178008705378
0.0014906228054314852
0.0019799138070084156
0.0020886751939542592
0.002072707994375378
0.002052496001124382
0.002025998791214079
0.002046196209266782
0.002006815001368523
0.002067881205584854
0.002023999602533877
0.00207893680781126
0.0020618906011804937
0.002049596409779042
0.0019643038045614957
0.0020866803941316904
0.0020373914041556416
0.002048178005497903
0.0020684792078100147
0.0020430371980182825
0.0020734224002808333
0.0020684798015281557
0.0020159558043815196
0.0020079846028238533
0.002021108998451382
0.002016549801919609
0.002061245194636285
0.0020456201978959142
0.002082393190357834
0.002028054604306817
0.0020360044087283312
0.002060471195727587
0.0021324423956684767
0.0020885588019154966
0.002050957200117409
0.0020181569969281556
0.0020711901946924628
0.002050783997401595
0.0020851831999607385
0.0020237624063156544
0.002025498799048364
0.0019434591988101602
0.00203145039267838
0.0020979090011678638
0.0020443271961994467
0.0020970935933291913
0.0019556803978048264
0.002036233805119991
0.0020414903992787004
0.0020743486005812884
0.0020612124004401266
0.0020552400033921002
0.002091623202431947
0.0020996537990868092
0.00204687740188092
0.001983974000904709
0.0020437594037503006
0.0020588075974956157
0.002054186200257391
0.0020424437941983344
0.0020539463963359593
0.002022346796002239
0.002054056397173554
0.0020036819973029197
0.0021028410061262547
0.0020666154101490974
0.0019392853952012955
0.00202990499092266
0.0020504701999016104
0.0020585138001479207
0.0020693092024885117
0.0019259164109826088
0.002047504798974842
0.002117527404334396
0.002037806797306985
0.0020519296056590976
0.0020328744081780314
0.0020517952041700484
0.0020156387938186525
0.0020369360106997194
0.001986346393823624
0.0021159372059628367
0.0020844259997829795
0.0020531893940642478
0.0019645806052722035
0.0020695941988378764
0.0020703440066426994
0.001939124206546694
0.002042127202730626
0.0019804564071819186
0.0019642704050056637
0.002062433201353997
0.0014018542016856373
0.0020380750065669417
0.0020491296076215804
0.0020379984052851796
0.0020300705917179586
0.001991594210267067
0.002048409602139145
0.0020584095967933536
0.0021260016015730797
0.0020364910014905035
0.0020297068054787814
0.0020605179946869613
0.002057628193870187
0.0020875664078630505
0.002050853206310421
0.001984633004758507
0.00198334539309144
0.0020476497942581774
0.002398184395860881
0.0020621643983758987
0.002059445600025356
0.0020436440012417735
0.0020741428015753627
0.0020402604015544055
0.002021250606048852
0.0020906068035401403
0.002054348005913198
0.001987131801433861
0.0020669310004450383
0.0020479468046687545
0.0019694230053573848
0.002055881603155285
0.002093152003362775
0.0019533841987140477
0.0020751732052303852
0.0019803799921646716
0.002041208592709154
0.0020746029913425446
0.002023006998933852
0.0020650840015150607
0.002064077602699399
0.0020437782048247756
0.0020807548076845705
0.0019804000039584935
0.0019480086048133671
0.00205642799846828
0.0020041120005771518
0.0020550160086713733
0.0020504391985014083
0.002055399806704372
0.002044204599224031
0.0020332075888291
0.001971963595133275
0.0019966003950685264
0.0020518778008408846
0.0020443915971554818
0.0020421657944098117
0.0020425677997991444
0.0020973160048015417
0.0020269159926101566
0.002082332200370729
0.002056844800245017
0.0020526194013655184
0.0020707817981019615
0.002052418410312384
0.0019891386036761105
0.002034441404975951
0.001952033000998199
0.0019299158011563122
0.002068403793964535
0.002079820609651506
0.002038110792636871
0.002034711197484285
0.0020514077972620726
0.002075758599676192
0.0020650523947551847
0.0020866633974947037
0.0019372973940335215
0.001958840002771467
0.0020636171917431056
0.002052246395032853
0.001968807401135564
0.002059271396137774
0.0020727519993670286
0.0020384294097311796
0.002008331194519997
0.0020889871986582874
0.0020607632002793254
0.002046467596665025
0.002037171006668359
0.0020778600010089576
0.0019810822093859317
0.0020581116084940733
0.002017906797118485
0.0020594932022504507
0.002039050403982401
0.0020467011956498025
0.002087673405185342
0.0020522109931334852
0.0019925277912989257
0.0023392533999867736
0.0022124912007711827
0.0021161529934033752
0.0020747062051668765
0.0021111684036441147
0.0020728671923279764
0.0020791043993085624
0.0020151513977907597
0.0021495251916348935
0.0020722193992696704
0.0020827412023209035
0.002125553402584046
0.0020500069949775934
0.00204838759964332
0.002060571196489036
0.002072787203360349
0.002062437194399536
0.0020666790078394115
0.0020584440091624854
0.002088103408459574
0.0020930122002027927
0.0021359257982112466
0.001932221802417189
0.0021308244089595974
0.002045477204956114
0.0020343126030638813
0.0020394672057591377
0.002087927993852645
0.002180922403931618
0.0019491361919790507
0.0020787458051927388
0.002036637195851654
0.0020525974105112255
0.0020434504025615753
0.0020453865989111366
0.002046450600028038
0.002136377606075257
0.002037922607269138
0.0020489164046011863
0.0020312889944761993
0.002038006403017789
0.0020480050006881356
0.0020633684005588295
0.0019437370006926357
0.0020601012045517566
0.0021022579981945454
0.0020510814036242666
0.0019951377995312213
0.0020530880079604684
0.0020732262055389583
0.002070723194628954
0.002066388004459441
0.0020178353996016087
0.0019964509992860258
0.0020345296012237667
0.002070336404722184
0.0019675939925946294
0.0020945223979651926
0.00207471780013293
0.0019531728001311423
0.002054002007935196
0.002014875796157867
0.002036164596211165
0.002074165001977235
0.0020466075977310537
0.0020486857974901795
0.002063545002602041
0.001948907191399485
0.0020486548077315093
0.0019739913986995816
0.0020397850079461933
0.0020093841943889857
0.002068109589163214
0.002066985995043069
0.001899115997366607
0.0018825103994458913
0.001986909203696996
0.0019678658107295634
0.0019957508076913653
0.0019730753963813187
0.0019115406088531018
0.002027902193367481
0.0020018438110128043
0.0020194499986246226
0.0019732196000404657
0.0019251666031777858
0.0019305077963508665
0.0019102034042589367
0.0019323365995660424
0.0019199300091713666
0.001990281802136451
0.0019293437944725156
0.00198351499857381
0.002041192806791514
0.0020385458017699422
0.0020382664049975576
0.0020544872037135064
0.0020209465990774335
0.0020003090030513704
0.0019821016001515092
0.002069962804671377
0.0022177068050950764
0.001911812601611018
0.0020248485961928964
0.001967527798842639
0.0020262153935618698
0.0020459321909584104
0.0019445574027486146
0.0020435116020962596
0.0021179857896640895
0.0020385519950650633
0.0020379139925353227
0.0019759517977945506
0.00198877559741959
0.002016937592998147
0.001982440589927137
0.002020142995752394
0.002025253593456
0.001999738800805062
0.0020110180019401016
0.0019499782007187604
0.002024996792897582
0.0020670010009780524
0.0020042475895024835
0.001955888606607914
0.0019851602031849326
0.002011913200840354
0.0020542913931421935
0.0020041998010128736
0.002011520799715072
0.0020193311967886983
0.0020078230067156256
0.0019718776107765733
0.001967408799100667
0.0020043980097398163
0.002005342405755073
0.0019835561979562044
0.001981953391805291
0.0019735570065677168
0.0021040784078650175
0.0018757974030449986
0.0020605211961083115
0.0019965164014138282
0.0019167409976944328
0.0019037413992919027
0.0019859532010741534
0.002015787409618497
0.0020259163924492896
0.0019165358040481805
0.0020114681916311382
0.002036768395919353
0.0020207078079693018
0.0019923379993997516
0.0019988437998108566
0.0019928224035538735
0.002019819396082312
0.002034263790119439
0.0020040108007378875
0.002092155604623258
0.0020153405959717928
0.001995141606312245
0.001977184601128101
0.0019233713974244893
0.001929805800318718
0.0020123154041357338
0.0019817152060568333
0.0019270990043878556
0.0020089266006834807
0.0020307029946707187
0.0019443918019533158
0.001929811795707792
0.002002658403944224
0.0019710754044353963
0.0019848273950628936
0.0019635929958894847
0.0019859783933497965
0.0019754812004975975
0.0020328709972091017
0.001998382608871907
0.0019624615903012454
0.0019812831887975335
0.002030183793976903
0.0019104470033198596
0.0019847793970257043
0.0020167045993730428
0.002014602406416088
0.002014010399580002
0.0019764667958952487
0.0019942346028983594
0.0020529177971184255
0.002051520603708923
0.0020100070047192275
0.0020160666084848345
0.002009095810353756
0.001974773791152984
0.001997041597496718
0.0020376274012960495
0.0019760065944865344
0.0019861256005242467
0.002009574195835739
0.002016952994745225
0.0019843889982439577
0.0020015540067106485
0.0019863619934767486
0.001995269802864641
0.001934340805746615
0.0019817732041701674
0.0020135445985943077
0.001967942400369793
0.0020191814051941036
0.001990209799259901
0.0020096705993637443
0.0020579781965352597
0.0019675058079883455
0.0020229215966537594
0.0019751755986362695
0.00199502439936623
0.0019782585906796156
0.0019980320008471607
0.001986394403502345
0.0020355660002678634
0.0018504773965105415
0.001993336004670709
0.002019322803243995
0.001902496605180204
0.0019719904055818917
0.001994169398676604
0.0019811240024864675
0.002021002408582717
0.001977979997172952
0.0019919193931855262
0.00197672100039199
0.0020307927974499763
0.0019721566000953316
0.0020284605911001564
0.0020209384034387766
0.001966705999802798
0.002038447395898402
0.001956772594712675
0.001986313401721418
0.0019075204036198556
0.0020015483954921366
0.00192306200042367
0.0019765862030908465
0.0019013550016097724
0.0019873321987688543
0.00200974679319188
0.0019935184041969477
0.0019871857948601246
0.0020169885945506396
0.002077468403149396
0.001998150791041553
0.0019226550008170306
0.001984821807127446
0.0019813913968391716
0.001994059991557151
