average_runtime 0.0035650089939090073
0.0035956084029749036
0.0035741136060096325
0.0035774355987086893
0.003561880195047706
0.003572458401322365
0.0035670901997946203
0.0035700756008736787
0.003557739604730159
0.0035695638041943313
0.003561612800695002
0.0035612070001661777
0.003567180200479925
0.0035641065915115178
0.003562009206507355
0.003567014797590673
0.0035625713993795217
0.0035751926014199855
0.0035797689924947917
0.003590566397178918
0.0035838856012560425
0.0035833865986205637
0.0036027829977683724
0.0035968442098237574
0.003582918597385287
0.003581078792922199
0.003580388007685542
0.0035823608050122857
0.003577895602211356
0.0035830729990266263
0.0035792570095509292
0.0035773796029388905
0.003586038202047348
0.0036085318075492977
0.0036214572028256953
0.0035826737992465498
0.0035782651975750923
0.0035920727998018263
0.003582946804817766
0.003577891003806144
0.003856689005624503
0.003617534809745848
0.003604108397848904
0.0036326371948234735
0.003765996010042727
0.0035955942003056407
0.003582704591099173
0.003576934803277254
0.0036035342025570573
0.0035930822021327915
0.0035802109981887043
0.0035786474007181825
0.0035804593935608864
0.003582659794483334
0.0035773839917965233
0.0035779046011157334
0.0035836632014252245
0.0035733868018724023
0.003570378990843892
0.003583328204695135
0.003594694996718317
0.0035935105988755822
0.00346826920285821
0.003600735403597355
0.00357359399786219
0.0035829518106766044
0.0035900962073355915
0.003593181597534567
0.00357913599582389
0.003581595001742244
0.0035781329963356255
0.003587447199970484
0.003598554607015103
0.003581866796594113
0.003583806799724698
0.0035808147978968917
0.0035926236072555185
0.0035970491939224304
0.0035846772021614014
0.0035831497982144354
0.003586500801611692
0.0035832027904689314
0.0035399679909460247
0.004013552400283516
0.00355250301072374
0.0035484541906043885
0.0035320942057296633
0.003597185795661062
0.0035852510016411545
0.003600693203043193
0.003590274800080806
0.00360664299223572
0.0036016713944263755
0.00359668139135465
0.0035895730019547046
0.003590521600563079
0.0035830272012390197
0.0036038696067407726
0.003586641594301909
0.003588282992132008
0.0036162715987302363
0.0036029126029461624
0.003593786002602428
0.0035927767981775104
0.0035904106101952494
0.003601260203868151
0.003591284796129912
0.0035898819915018976
0.003595551196485758
0.003593925596214831
0.00359146079281345
0.003601123800035566
0.003589053195901215
0.003584427200257778
0.0035956399980932472
0.0035958939930424093
0.0035917858011089267
0.003587649203836918
0.003587249794509262
0.0035826270002871754
0.003599066799506545
0.0036001580068841577
0.0035967982024885715
0.0035831341985613106
0.0035360842011868954
0.0035444409935735167
0.0035346537944860755
0.0035426746006123723
0.0035090649966150523
0.0035382593981921674
0.003523691592272371
0.0035225944011472166
0.003512048802804202
0.0035283211967907847
0.0035227878019213677
0.0035231443936936556
0.0035180810024030506
0.003532631800044328
0.003519600396975875
0.003528054605703801
0.0035160869942046703
0.0035302983946166933
0.00353051379788667
0.003526133799459785
0.0035216697957366704
0.003533396602142602
0.0035118275904096664
0.003524625999853015
0.0035244910046458243
0.0035270445980131624
0.0035160021972842513
0.0035171275958418846
0.0035205182037316264
0.0035242445999756457
0.003513224795460701
0.0035240471945144234
0.003515430202241987
0.0035289900028146804
0.0035302367992699145
0.0035306926001794636
0.0035195200005546214
0.0035195813979953527
0.0035124027985148133
0.0035315683926455677
0.0035487276036292315
0.0035521492012776435
0.0035372892045415936
0.0035424834000878035
0.0035365485935471954
0.0035307961981743572
0.003549771395046264
0.0035466920002363623
0.0035474136006087066
0.0035418975981883704
0.00353815839625895
0.003538589202798903
0.003530715999659151
0.0036015076097100974
0.003583945205900818
0.0035924589959904552
0.0035943196038715542
0.003604898403864354
0.0035844383994117377
0.00359003139892593
0.0036040480015799405
0.0036299922037869694
0.003599268395919353
0.0036020578001625834
0.0035912939929403365
0.0035912364022806288
0.0035853710025548933
0.003614524204749614
0.0036181061994284393
0.003621739998925477
0.003589498798828572
0.003545997408218682
0.0034259984036907553
0.003540419996716082
0.003535516595002264
0.003550124599132687
0.0035428150091320275
0.003535094403196126
0.003535514196846634
0.003539121593348682
0.003534601605497301
0.003531228797510266
0.0035360498004592955
0.0035355865955352785
0.0035220713936723767
0.00353225520811975
0.003524052805732936
0.0035335410037077965
0.003524664195720106
0.003535627399105579
0.0035278764087706806
0.00353022440103814
0.0035369301913306117
0.003541611204855144
0.003535329201258719
0.003535769006703049
0.0035300592076964676
0.0035374030005186794
0.003535430401097983
0.003555689996574074
0.003996839991305024
0.003542860399466008
0.003532513999380171
0.003547033795621246
0.003541730996221304
0.0035387153970077635
0.0035237831994891166
0.0035449019982479514
0.0035266352002508937
0.0035382337984628974
0.0035353707964532076
0.0035268437932245433
0.003531636204570532
0.003539877792354673
0.0035220272024162115
0.0035376354004256426
0.0035373528022319078
0.0035291827982291578
0.003522527404129505
0.0035296928021125496
0.003524685592856258
0.0035293211927637457
0.0035337085952050983
0.0035471990006044505
0.0035528984037227927
0.0035390325938351452
0.0035323104006238283
0.0035410568001680077
0.003524445800576359
0.003531013592146337
0.0035209963913075625
0.003532516199629754
0.0035179460071958603
0.003530555195175111
0.0035296328016556798
0.0035400444059632717
0.003528768999967724
0.0035171592026017606
0.0035310211940668525
0.00352915859548375
0.0035231146030128
0.003543888800777495
0.0035343436058610676
0.0035317796049639584
0.003541326196864247
0.0035320300026796757
0.003529180004261434
0.0035436708014458416
0.0035791708040051164
0.0035876922076568006
0.003576363204047084
0.0035742903943173586
0.0035851750057190658
0.00359550699358806
0.0035724854096770287
0.003572888404596597
0.003574400395154953
0.0035950972000136972
0.0035736362100578845
0.0035837022005580366
0.00357518499949947
0.00357992259087041
0.00357448699651286
0.003471061401069164
0.0035819521988742055
0.003577525797300041
0.0035669021890498698
0.003582950192503631
0.0035711320000700653
0.003573559201322496
0.003574416390620172
0.0035952935926616193
0.0035785955958999695
0.0035850194049999117
0.0035886468016542495
0.0035823860089294612
0.0035738195991143586
0.0035852110013365746
0.0035754540003836155
0.0035724718007259073
0.0035714235971681775
0.003583557205274701
0.0035823278012685478
0.0035776641918346284
0.0035737161990255116
0.0035802123951725663
0.0035726267960853875
0.0035798516008071603
0.0035869052051566543
0.0035810239962302147
0.0035751053947024047
0.003569959197193384
0.0035852563916705547
0.003572702803649008
0.0035774783929809926
0.0035829821950756013
0.0035746449953876435
0.003583135607186705
0.0035764365922659634
0.003588797594420612
0.0035751575953327118
0.0035757035948336124
0.0035757774021476507
0.003580659197177738
0.0035792373935692014
0.0035827052081003783
0.0035739810089580716
0.0035649287980049848
0.0035775732016190887
0.0035817964002490045
0.0035767783992923796
0.0035861341981217264
0.003571391210425645
0.0035888071986846628
0.003566146793309599
0.003584278596099466
0.003570849390234798
0.003575291996821761
0.00357421999797225
0.003579610399901867
0.0035708862007595597
0.00358901439467445
0.0035655951942317188
0.0035822173929773273
0.0035756535944528878
0.0035719037987291813
0.0035738341975957155
0.003583054000046104
0.0035688834032043815
0.0035800197976641355
0.003532884398009628
0.0035478295991197228
0.0035410700016655027
0.0035542989964596925
0.0035620696027763186
0.003545788605697453
0.0035409511998295783
0.003555218002293259
0.003545005398336798
0.0035601233947090806
0.0035336858010850845
0.0035494400071911514
0.003543663001619279
0.0035601058043539524
0.0035542999976314604
0.0035681406036019324
0.003555177804082632
0.003558003203943372
0.0035442049964331092
0.003551089798565954
0.00354987180326134
0.003554011194501072
0.0035560335963964462
0.0035491752089001237
0.0035382706089876594
0.0035473646013997493
0.003540405596140772
0.0035524506005458535
0.003539852402172983
0.0035437665996141733
0.003552383999340236
0.003547653800342232
0.0035528038046322764
0.0035520870005711913
0.0035518384072929622
0.0035606211982667445
0.0035454420023597775
0.003553873999044299
0.003552692593075335
0.003551326203159988
0.003545362001750618
0.003558239992707968
0.0035527999978512527
0.003560025803744793
0.0035673483973369
0.0035633303923532367
0.003556186193600297
0.0035557955969125034
0.0035420543979853393
0.0035416053957305848
0.0035514569957740606
0.0035555285983718933
0.0035503890016116203
0.003569135209545493
0.00357029780279845
0.0035504325991496445
0.0035751505987718702
0.0035448073991574346
0.003549132600892335
0.003538776398636401
0.0035517654032446444
0.0035707395989447834
0.0035409637959674
0.003549729392398149
0.0035468321992084386
0.003550257394090295
0.003540585201699287
0.003568535402882844
0.003560528205707669
0.0036038322024978696
0.0035740391933359204
0.0035740821971558035
0.0035776379983872173
0.0035694621969014407
0.003577666403725743
0.0035889092017896474
0.0035761579987592996
0.0035740986000746488
0.0036063274019397795
0.0035915701999329032
0.0035748017951846124
0.0035793834016658367
0.003576974000316113
0.0035699844011105597
0.0035464214044623075
0.003553120605647564
0.003539838793221861
0.003545057401061058
0.003546049795113504
0.003547231003176421
0.0035614402033388613
0.003565350198186934
0.0035519864060916005
0.003552372194826603
0.0035505277919583023
0.0035621513961814344
0.0035580488038249314
0.003556969005148858
0.0035432190052233636
0.0035504491999745367
0.003546816995367408
0.003549216198734939
0.003547854593489319
0.0035455222008749844
0.003545518999453634
0.003579727001488209
0.003571308997925371
0.0035505293984897436
0.003541086206678301
0.0035503263934515417
0.003552704199682921
0.0035475582000799475
0.0035445575951598583
0.003548517602030188
0.0035424871952272952
0.00355155459837988
0.003558987402357161
0.003547903394792229
0.0035450708004646004
0.0035428165923804046
0.003541100409347564
0.0035430233925580978
0.0035426317946985362
0.0035445037996396423
0.003542863205075264
0.00353722560685128
0.003559904801659286
0.0035484804073348643
0.003538629796821624
0.0035460474085994066
0.003551199403591454
0.0035592333995737137
0.0035446682013571262
0.0035635752021335064
0.003540417400654405
0.0035519629949703813
0.003568355191964656
0.003545931994449347
0.0035365976043976845
0.0035452689975500108
0.003552644804585725
0.003549866599496454
0.0035609568003565073
0.003563906194176525
0.003537595400121063
0.0035359071916900575
0.003530054399743676
0.0035479860031045972
0.003546782792545855
0.003555776597931981
0.003549784794449806
0.0035497675999067724
0.003548229404259473
0.0035471841925755142
0.0035352949984371663
0.0035524160019122066
0.0035463466076180337
0.003561700799036771
0.003554652398452163
0.0035476804012432696
0.003556219593156129
0.003560093801934272
0.0035456757992506026
0.003564017196185887
0.0035356719978153705
0.0035327682038769127
0.0035218239994719625
0.003533537406474352
0.0035364808049052955
0.00353398920269683
0.0035344113945029675
0.0035275039961561562
0.0035594003973528745
0.0035237787989899514
0.0035442275926470756
0.003540015406906605
0.0035251373890787365
0.0035999990068376064
0.003590937401168048
0.0035477639990858733
0.0035359565983526407
0.0035460824030451475
0.003533880994655192
0.0035574523964896796
0.0035814043949358165
0.003577805997338146
0.0035723960027098656
0.003578460798598826
0.0035673716105520726
0.0035840350086800755
0.0035846273996867238
0.003604394802823663
0.0035816772026009856
0.0035690182005055247
0.003567030199337751
0.003579386998899281
0.003562966804020107
0.0035698121995665134
0.0035728721995837986
0.0035839259973727165
0.003566055209375918
0.0035823159967549147
0.003572064999025315
0.003584239003248513
0.0035680394037626685
0.003571285807993263
0.0035752778057940304
0.0035702680004760625
0.0035700145992450414
0.0035772108007222415
0.0035649125929921865
0.0035769082023762167
0.0035666574025526644
0.003579816990531981
0.003571888792794198
0.0035777639946900307
0.0035704375943168996
0.0035749593982473014
0.003571840201038867
0.0035759986029006543
0.0035688159987330437
0.003566887800116092
0.003583248192444444
0.0035962558002211155
0.0035879442002624273
0.0035804143990390003
0.003572071809321642
0.0035757564008235933
0.0035804306040517985
0.0035948290023952723
0.0035882517928257584
0.0035716168000362813
0.0035851417924277484
0.0035804147948510943
0.0035846484010107816
0.0035873706103302537
0.0035811296082101764
0.003591509198304266
0.00358065920881927
0.003582657396327704
0.003583235596306622
0.003579232608899474
0.0035816362011246382
0.0035893733962439
0.003594510001130402
0.003584584000054747
0.0035716586047783495
0.0035905117983929813
0.0035399010055698456
0.003541187406517565
0.003550854604691267
0.003547100198920816
0.003544302994851023
0.0035479931975714862
0.0035341212060302496
0.0035468825954012573
0.003557353198993951
0.0035423274035565554
0.003540456003975123
0.0035501934005878867
0.0035357319982722403
0.003559286007657647
0.0035440020030364392
0.0036332688061520456
0.0035933184088207783
0.0035880539915524425
0.003590431809425354
0.0036136191920377314
0.0035886554047465324
0.00359279919648543
0.003590810997411609
0.0036132151959463953
0.0036020428058691325
0.0035962586058303713
0.0035827930085361006
0.003603108203969896
0.0035819826065562666
0.003594819805584848
0.0035908090067096055
0.003600321197882295
0.0036004464025609197
0.0035967584000900386
0.003586078993976116
0.0036109106033109127
0.0035953733953647316
0.0035832545952871444
0.003590235998854041
0.0036024644039571287
0.003594687406439334
