average_runtime 0.0005466862933710218
0.000550042450777255
0.0005434211489045992
0.0005438576481537893
0.0005412871512817218
0.0005427571013569832
0.0005399145011324435
0.0005395484506152571
0.000541344250086695
0.00064074354886543
0.0005458561994601041
0.0006645993998972699
0.00076607360097114
0.0006762195000192151
0.0005391357495682314
0.0005408631492173299
0.0005399831017712132
0.0005405295989476145
0.0005420130502898246
0.0005377856985433027
0.0005409077479271218
0.0005404474009992555
0.0005397018481744454
0.0007451310520991683
0.0005405809497460723
0.0006294147489825264
0.0005396787018980831
0.0005401489499490709
0.000540318401181139
0.0005406418000347913
0.0005378071975428611
0.0005398840003181249
0.0007587546482682228
0.0007397042005322874
0.0005717148975236342
0.0005399974499596283
0.0005407528486102819
0.0005392981023760512
0.000539763001143001
0.0005402307986514642
0.0005378932488383726
0.0005398968001827598
0.0005393964500399306
0.0005395854503149166
0.0005393124971305952
0.0005404245486715809
0.0005398423498263582
0.0005388777004554868
0.0005396758002461866
0.0005396465508965776
0.0005391612503444776
0.0005396452499553562
0.0006410497997421771
0.0005399217014200985
0.0005387328506913036
0.0005387466022511944
0.000539335299981758
0.000538620402221568
0.0005381882510846481
0.0005395794985815882
0.0005391774495365099
0.0005686926015187055
0.0005385223979828879
0.0005383358482504263
0.0005444684007670731
0.0006468853476690129
0.000541317998431623
0.0005384089512517676
0.0005407374992500991
0.0005390310019720346
0.0005394560983404517
0.0005379062495194376
0.0005409269011579454
0.0005422060989076271
0.0005385789496358484
0.0005414640996605158
0.0005409664998296648
0.0005392393504735082
0.0006053482502466068
0.0005381844006478786
0.0005388450983446092
0.00053895634773653
0.0005378108500735835
0.000540382499457337
0.0005379395995987579
0.0005395915999542922
0.0005375820997869596
0.000542928499635309
0.0005936518980888649
0.0005360413517337293
0.0005391012004110962
0.0005394691484980285
0.0005405428993981332
0.0005396468011895194
0.0005349235027097166
0.0005273127520922571
0.0005290431494358927
0.0005273190006846562
0.0005279489501845092
0.0005288510990794748
0.0005289344495395199
0.0005278238997561858
0.0005288846004987136
0.0005272490496281534
0.0005891584500204772
0.0005288063985062763
0.0005271150002954528
0.0005264230479951948
0.000529541852301918
0.0005269989487715065
0.0005273218499496579
0.0005283509497530758
0.0005271939997328445
0.0005284782004309818
0.0005393735482357442
0.0005375921493396163
0.0005371919978642836
0.000597323797410354
0.0005378152505727485
0.0005372971994802356
0.0005365439516026527
0.000536339299287647
0.0005375630484195426
0.0005367587000364438
0.0005375720007577911
0.0005370033002691343
0.0005357654008548707
0.000534446450183168
0.0005370241007767618
0.0005358527501812205
0.0006305837508989498
0.00053590114985127
0.0005367591511458158
0.0005375775479478761
0.0005358950002118945
0.0005361637013265863
0.0005340920004528015
0.0005359836999559775
0.0005346805002773181
0.0005340834992239252
0.0005364100506994873
0.0005373015505028888
0.000535849598236382
0.0006588513002498076
0.000535924849100411
0.0005379690497647971
0.0005375405016820878
0.0005358578986488282
0.0005355518020223826
0.0005361920484574512
0.0005341539013898
0.0005340666481060907
0.000536305399145931
0.0005346371501218528
0.0005350159975932911
0.0005356751004001126
0.0005363811505958438
0.0005351172992959618
0.0006518366979435086
0.000537272499059327
0.0005346756486687809
0.0005366692523239181
0.000534676801180467
0.0005366696015698836
0.0005355854489607736
0.0005369200982386247
0.0005347464495571331
0.0005356162000680342
0.0005355365516152233
0.0005347902508219704
0.0005364862503483891
0.0005332425498636439
0.0005344664998119697
0.0006615102494833991
0.0005350174498744309
0.0005340547504602
0.0005341411480912939
0.0005359884991776199
0.0005360870505683124
0.0005364983982872218
0.0005355892004445195
0.0005348328006220982
0.0005328778497641906
0.0005344220000552014
0.0005341561016393825
0.0005363596515962854
0.0005364307522540912
0.0005352252017473802
0.0005363622010918334
0.0005358784517738968
0.0005343360506230965
0.0005357621004804969
0.0005354276479920372
0.0005352708016289398
0.0005342408519936725
0.0005349774524802342
0.0005353893502615392
0.0005366301484173164
0.0005399537010816857
0.0005365816497942433
0.0005359598522773013
0.0005374959000619128
0.0005355054512619972
0.0005356228997698054
0.0005353591521270573
0.0005352339503588155
0.0005354788503609597
0.0005340767500456422
0.0005382005503633991
0.0005371060979086906
0.0005358404014259577
0.0005374532018322497
0.000537465899833478
0.0005369315011193975
0.0005356458015739918
0.0005365186021663249
0.0005366174998925998
0.0005361254006857052
0.0005357619491405785
0.000534888100810349
0.0005356884008506313
0.0005356693000067025
0.0005365767487091943
0.0005369413003791124
0.0005377234978368506
0.0005356911977287381
0.000535487150773406
0.0006170866981847212
0.0005367656995076686
0.0005378751026000828
0.0005345751997083426
0.0005361996998544782
0.0005354782479116693
0.0005378519999794662
0.0005362178490031511
0.0005359849485103041
0.00053710994834546
0.0005361774994526059
0.0005366736499127
0.0005363593489164486
0.0006300397013546899
0.0005365279997931793
0.0005364855023799464
0.0005362990981666371
0.0005364980519516393
0.0005375229986384511
0.000537109698052518
0.000536283798282966
0.0005364823999116197
0.0005363553500501439
0.000536961099714972
