average_runtime 0.0005766511029796675
0.0005706827476387843
0.0005672981991665438
0.0005630439991364256
0.0005654063483234495
0.0005645654513500631
0.0005643836513627321
0.0005647224490530789
0.0005656826018821448
0.0005675766005879268
0.0006972665985813364
0.0005657796515151859
0.0005643559998134151
0.0005647452489938587
0.0005646614503348246
0.0005636043497361243
0.0005663845513481647
0.0005630509491311386
0.0005633839493384585
0.0005622350989142432
0.0005599648487986997
0.0005627117498079315
0.0005638707487378269
0.0005624256504233926
0.0006932077492820099
0.0005635144509142265
0.0005631895008264109
0.0005624850018648431
0.0005625426478218287
0.0005616411508526653
0.0005613232497125864
0.000562802399508655
0.0005617805989459157
0.0005615873495116829
0.000561926097725518
0.0007061101990984753
0.0005620792973786593
0.0005614297493593768
0.0005640113493427634
0.0005627536011161283
0.0005621735006570816
0.0005642700503813103
0.0005627436505164952
0.000562774550053291
0.0005629254010273144
0.0005637363996356725
0.0005646397999953479
0.0005638044007355347
0.0005640299496008083
0.000562535852077417
0.0006417584489099681
0.0005631070991512388
0.0006929383496753871
0.0005625664489343762
0.0005626244499580934
0.0005641052994178608
0.0005650690523907542
0.0005658373003825546
0.0005618128518108279
0.0005622440512524918
0.0005624481505947188
0.0005661370494635775
0.0005663154006469995
0.0005631937994621695
0.0005644988996209577
0.0005644915509037673
0.0006389818474417553
0.0005638448492391035
0.0005656577995978296
0.0005630674015264959
0.0005629796505672857
0.0005635672510834411
0.0005627637001452968
0.0006950778508326039
0.0005605020996881649
0.0005623813020065426
0.0005621730990242213
0.0005646718491334468
0.0005620351497782394
0.0005642683012410998
0.0005646953010000289
0.0007699575478909537
0.0005643822514684871
0.0005655045009916648
0.0005634888482745736
0.000564237599610351
0.0005626489000860602
0.0005641958006890491
0.0005628370505291969
0.0005638039001496509
0.0005655555491102859
0.000562875097966753
0.0006937705504242331
0.0005641922005452215
0.0005633587017655373
0.0005620641983114183
0.0005643891519866884
0.0006548767996719107
0.0005643443000735715
0.0005618510011117905
0.0005624969984637573
0.0005640234507154673
0.0005639026989229023
0.0005629858002066612
0.0005647146026603878
0.0005616239504888654
0.0005651260988088324
0.0005649925005855039
0.0005624484998406843
0.0005640015500830486
0.0005647373502142728
0.0006901821499923245
0.0005657570989569649
0.0005945366021478549
0.00056452389981132
0.0005646274017635733
0.0006964332511415705
0.0005651097977533937
0.000565448749694042
0.0005655758519424126
0.0005635401525069028
0.0005654149514157325
0.0005644721997668967
0.0005632350977975876
0.0006933991011464968
0.0005648490012390539
0.0005652877502143383
0.000564505800139159
0.0005632535001495853
0.0005645679484587163
0.0005638286005705595
0.0005643013020744548
0.0005644840013701469
0.0005657031491864472
0.0005635639477986843
0.0005627473990898579
0.0005641474504955113
0.000563984049949795
0.0005638586997520178
0.0005635472014546394
0.0005647397483699024
0.0005658690497511998
0.0005641773488605395
0.0005641843483317644
0.000675967350252904
0.0005623553501209244
0.0005622901517199352
0.0006956878496566787
0.0005634515517158433
0.000564735650550574
0.0006927487993380055
0.0005637897498672828
0.000562032699235715
0.00056564100086689
0.0005640944000333548
0.0005662644020048901
0.0005647304002195597
0.000562896000337787
0.0005626121012028307
0.0005621985503239558
0.0005628218990750611
0.000563898598193191
0.000563892800710164
0.0005624629004159943
0.0006931455485755577
0.0005631870997603982
0.0005628758488455787
0.0005646519508445636
0.0005662112991558388
0.0005640037503326312
0.0005649705999530852
0.0005651458515785635
0.0005639850511215627
0.0005643379496177659
0.0005635818000882864
0.0005628806975437328
0.0005635451496345922
0.0005624240497127175
0.0005628031503874809
0.0005625933990813792
0.0005625532503472641
0.0005641886498779058
0.0005642706004437059
0.0005640212504658848
0.0005640921008307487
0.0005630168016068637
0.0005633418477373198
0.0006929741997737437
0.0006937875994481146
0.000692159149912186
0.00056215065123979
0.0006253264000406489
0.0005616499984171242
0.0006942476000403985
0.0005634044500766322
0.0005624512501526624
0.0005627122009173036
0.0005629663006402552
0.0005635413486743346
0.0005639300012262538
0.0006941239495063201
0.0005628643004456535
0.0005624548473861068
0.0005617115501081571
0.000561238601221703
0.0005654982000123709
0.0005625576508464291
0.0005609228508546948
0.0005635089473798871
0.0005628834507660941
0.0005637920490698889
0.0005633490509353578
0.0005638643488055095
0.0005610708991298452
0.0005610683496342972
0.0005638883012579754
0.0005630308005493134
0.0006948317488422618
0.0005636307992972434
0.0005617446993710473
0.0005622702999971807
0.0005624455487122759
0.0005622440512524918
0.0005640623014187441
0.0005622599011985586
0.0005620368028758094
0.0005629619001410902
0.0006954297481570393
0.0005677042005117983
0.0005623237986583263
0.0005620832496788352
0.000565613349317573
0.0005639147479087114
0.000564021899481304
0.0005635874986182898
0.000562687951605767
0.0005637277994537726
0.0005641494994051754
0.0005641313997330144
0.0005632862506899982
0.0005635942507069558
0.0005627287988318131
0.0005621558986604214
0.0006927355483639985
0.0005612241511698812
0.0005609863495919853
0.0005616086476948112
0.0005597857525572181
0.000561137098702602
0.0005618128489004448
0.0005614472000161185
