average_runtime 0.0022075897279311904
0.0022482889937236903
0.0022296127979643645
0.0022286433959379792
0.0022189473966136575
0.002227694995235652
0.00222905419068411
0.002233640395570546
0.002228387398645282
0.002222253801301122
0.0022379602072760464
0.0022282683989033104
0.002246711601037532
0.002230258204508573
0.0022244898020289837
0.002230030996724963
0.002223786001559347
0.0022294485941529276
0.0022291070083156226
0.00222267679637298
0.002220305206719786
0.0022252853959798813
0.002224380790721625
0.0022250142064876854
0.0022216474055312572
0.0022205280023626984
0.0022169508039951323
0.0022177414037287237
0.0022236376069486143
0.0022315454087220134
0.00222356979502365
0.0022182261920534073
0.002183930401224643
0.0021829216042533518
0.002175464190077037
0.0021867789910174906
0.0021826351992785932
0.00217566640349105
0.0021769383922219275
0.0021848625969141723
0.0021892184042371808
0.0021823836024850605
0.0021786579978652298
0.0021842893911525607
0.002182165009435266
0.0021827785996720193
0.0021851388039067386
0.0021797653986141085
0.002174593007657677
0.0021717047900892796
0.0021791283972561358
0.0021813996019773184
0.0021788813988678156
0.0021742434008046986
0.0022277740063145757
0.0021892899996601043
0.0021848101983778178
0.0021833676029928027
0.0021790197934024036
0.0021866939961910246
0.002192748198285699
0.002203004597686231
0.0021974598057568073
0.0021991648012772203
0.002194793801754713
0.0021859291940927506
0.002195555798243731
0.0021974168019369246
0.0021881600026972593
0.002189383399672806
0.0021904277964495122
0.00218554720049724
0.002181382803246379
0.0021821447997353973
0.002188113599549979
0.0021990748005919158
0.002186034410260618
0.0021879769978113473
0.002187465806491673
0.0021933560026809575
0.0022331472020596264
0.0021915270015597345
0.0021907065995037554
0.002187321800738573
0.0021875803940929472
0.0021970747970044614
0.002186336403246969
0.002188111003488302
0.002182984398677945
0.002181707392446697
0.002181701804511249
0.0021847879979759455
0.0021800206042826174
0.0021932061994448305
0.002185844804625958
0.0021851281984709204
0.002182660799007863
0.0021754003944806756
0.0021828867960721255
0.0021827501943334935
0.0021921690087765454
0.0021838390035554766
0.0021869706106372178
0.002190040401183069
0.0021901783999055623
0.002186698408331722
0.002182332205120474
0.0028752063983120022
0.0022211845964193342
0.00222734019625932
0.002216538996435702
0.0022391692036762834
0.002186617406550795
0.0021909239934757353
0.002196977601852268
0.002199319005012512
0.002206337999086827
0.0021890679956413804
0.0022019722033292054
0.0022013472043909132
0.0021930290036834776
0.0021896963939070702
0.002189757802989334
0.002190239797346294
0.002192081999965012
0.0021961446036584675
0.0021885546040721236
0.0021856560022570195
0.00219090860337019
0.002195392793510109
0.002232693799305707
0.0021862813970074057
0.0021869526011869312
0.0022187975933775305
0.002223885396961123
0.0022179168066941203
0.0022108363918960094
0.0022068909951485694
0.002207737194839865
0.002200627198908478
0.0022099039983004332
0.002202177606523037
0.002205561799928546
0.0022194784018211068
0.002217086800374091
0.0022107294062152505
0.0022109098033979537
0.002218405203893781
0.0022205220069736243
0.0022144236019812523
0.0022253029979765414
0.002211835002526641
0.002208835002966225
0.0022129077930003404
0.002219749800860882
0.0022089640027843417
0.0022102980059571565
0.0022182262036949396
0.00220876419916749
0.0022000481956638398
0.0022051614010706543
0.00219967239536345
0.0021928225993178784
0.002186314994469285
0.0021823804010637103
0.0021912230062298478
0.0021856486098840834
0.0021976665942929686
0.0021989237982779743
0.0021944841952063142
0.0021920421975664796
0.002187591197434813
0.0021853835904039444
0.0021936721983365714
0.002193928800988942
0.0021994217997416852
0.0022035881993360817
0.002200938598252833
0.0022057658061385155
0.0021931095980107784
0.002190030796919018
0.0021936175995506345
0.0021971298032440246
0.0021908321999944747
0.00218513939762488
0.002192252199165523
0.0021885400055907667
0.0022149739903397857
0.0022166823968291284
0.0022122988011687994
0.002211806201376021
0.002210240997374058
0.0022126914002001284
0.0022146951989270745
0.0022063384065404536
0.002208185603376478
0.0022227752022445204
0.002214020595420152
0.0022057518013752996
0.0022057447931729257
0.0022036095964722336
0.0022038126015104355
0.002204449602868408
0.002205104799941182
0.0022031322005204856
0.002202481799758971
0.002202468807809055
0.002204514609184116
0.00220158020965755
0.0022018432035110893
0.0022011805907823146
0.0021966680069454014
0.0022006422048434617
0.0022055278066545727
0.002203396207187325
0.0022065349970944227
0.00220552459359169
0.002167091006413102
0.0021780145936645566
0.0022034144029021265
0.002180058800149709
0.0022235687938518822
0.002172946999780834
0.0022197020007297397
0.0022183635970577597
0.0022220845916308463
0.002174370991997421
0.0021745192003436386
0.0021729549975134433
0.0021799365989863873
0.002173248794861138
0.0021778908092528583
0.002179361798334867
0.002172999596223235
0.0021686236024834214
0.0021744212019257246
0.00217391800833866
0.002172247599810362
0.002169109403621405
0.0021705506020225584
0.002173857192974538
0.0021725742029957474
0.0021739293937571348
0.002180435403715819
0.002172871003858745
0.002176680404227227
0.002173769799992442
0.002185772801749408
0.002173580799717456
0.0021785028045997025
0.0021699310047551988
0.002184923202730715
0.002177522995043546
0.0021868770010769365
0.0021745690028183162
0.002187933796085417
0.0021762239979580046
0.0021753642009571194
0.0021723983925767245
0.002178681001532823
0.0021907585905864835
0.0021777268033474685
0.0021849807933904232
0.002182548202108592
0.0021853726007975637
0.0022178211947903037
0.0021790701895952223
0.0022187698050402105
0.0022204585955478253
0.002218071394599974
0.0022182377986609937
0.002181732200551778
0.0021746551967225967
0.002172117808368057
0.002167823794297874
0.002172272396273911
0.002175472001545131
0.002177695801947266
0.002172773203346878
0.002184606995433569
0.0021749155945144593
0.002177466603461653
0.002222783595789224
0.0022274952032603325
0.0021801551920361817
0.002222727402113378
0.0021735769929364323
0.002172618790064007
0.0021683446015231312
0.002176908601541072
0.002175904402974993
0.002168896805960685
0.0022208992042578755
0.002172827802132815
0.0021657817997038364
0.002219647006131709
0.0021797552006319167
0.002179245406296104
0.0021838819957338274
0.0021777822053991257
0.0021782377967610954
0.002166930807288736
0.0022220963961444794
0.0021748592029325665
0.0021695971954613924
0.002171773405279964
0.002173789998050779
0.0021746144047938287
0.002182249596808106
0.002173863805364817
0.002180498605594039
0.002171547000762075
0.0021625532070174815
0.002163179195486009
0.002174891601316631
0.0021768358070403337
0.0021621959982439875
0.0021713902009651066
0.002177140593994409
0.0021785623976029456
0.002180270990356803
0.0028223544009961187
0.0021889986004680396
0.002204740606248379
0.0022118175984360278
0.0022067488054744898
0.002214121795259416
0.0022107827942818405
0.0022044523968361316
0.002207673992961645
0.0022138813976198433
0.00221141540678218
0.002209286601282656
0.0022114188061095772
0.0022049946011975406
0.0021749732084572317
0.002180864999536425
0.0021943919942714273
0.0022018125979229807
0.0021989301894791424
0.002195637603290379
0.002195421000942588
0.002200944803189486
0.0021939476020634173
0.002199242205824703
0.0022075761924497785
0.002195611200295389
0.002201635402161628
0.002193985402118415
0.002196057606488466
0.0021931355935521425
0.0021983959944918753
0.002201496995985508
0.0022086968063376846
0.0022194680059328675
0.002228499006014317
0.0022299285978078843
0.0022183229913935064
0.0022181596024893223
0.0022174195968545974
0.0022151343990117313
0.0022154752048663797
0.00221206039423123
0.002212494402192533
0.0022142724017612638
0.0021995451999828218
0.0021895297919400035
0.002175945194903761
0.0022117367945611475
0.0022140983957797287
0.002212729409802705
0.0022187537979334593
0.002211819204967469
0.002221717603970319
0.002215356007218361
0.0022167235962115227
0.002212518604937941
0.002213610999751836
0.0022167071932926775
0.00221001059981063
0.0022139489999972286
0.0022116285981610417
0.00225897099589929
0.002260360599029809
0.002258933603297919
0.0022509893984533846
0.0022177172009833156
0.0022149739903397857
0.0022076033987104894
0.002210690197534859
0.0022148521966300905
0.002216521999798715
0.0022095787920989097
0.0022033912013284863
0.002205622592009604
0.0022000108030624686
0.0022103457944467665
0.002208614000119269
0.0022142820060253145
0.0022209482034668327
0.002216497203335166
0.0022165638045407833
0.0022108879988081754
0.0022077532019466163
0.00221376339904964
0.002256475598551333
0.002202042599674314
0.002205596794374287
0.002205648203380406
0.002203642192762345
0.0022104901960119604
0.0022149821976199745
0.002214177406858653
0.0022094330051913857
0.0022086807992309334
0.002206218591891229
0.0022173993987962604
0.0022082412033341825
0.00221423419425264
0.0022053356049582364
0.002209437801502645
0.002210766798816621
0.002215458604041487
0.0022580230026505886
0.002202118607237935
0.0022072744090110064
0.0022112014004960654
0.0022107857977971433
0.0022116890060715376
0.0022123318049125373
0.002187243790831417
0.002183723996859044
0.0021915258024819196
0.002220905397552997
0.0022043696022592484
0.002211688400711864
0.002214513998478651
0.0022263068007305265
0.0022226322093047203
0.0022129566059447825
0.002224481001030654
0.002218968002125621
0.0022066330071538686
0.002209752204362303
0.002208892407361418
0.002209059800952673
0.002209339593537152
0.0022053832071833313
0.002218666998669505
0.002223151596263051
0.002211618609726429
0.0022129351971670987
0.0022111160098575054
0.002204009599518031
0.0022218137979507445
0.0022130465949885547
0.0022197338053956627
0.0022599603980779648
0.0022166857961565256
0.0022170718060806394
0.002216732397209853
0.00221335660899058
0.0021959874080494045
0.002202232996933162
0.00225101140094921
0.0022003249963745476
0.0022772049997001886
0.0021981537924148143
0.002166039601434022
0.0022105308016762137
0.0022226786008104683
0.002204080403316766
0.002199718204792589
0.0021962154074572026
0.0021999047952704132
0.002209298394154757
0.002215530793182552
0.0022188924020156266
0.0022122370079159736
0.002213101601228118
0.0022136735962703822
0.0022132046055048705
0.002218619594350457
0.0022173461969941855
0.0022223270032554867
0.002222978207282722
0.002224935602862388
0.0022252985974773763
0.002221563598141074
0.0022203466040082278
0.0022135464008897544
0.0022137717925943433
0.0022219610051251947
0.002217267593368888
0.0022181034088134765
0.002206198999192566
0.0022167227929458023
0.0022230578004382552
0.0022334716049954295
0.0022299897973425686
0.0022257953998632727
0.002227034594397992
0.0022262591985054312
0.002223177789710462
0.00222009199205786
0.002221864997409284
0.002213009400293231
0.002210109797306359
0.0022107614087872205
0.0022198633989319204
0.00222652240190655
0.002223948005121201
0.0022226746077649295
0.002222956996411085
0.0022184250061400234
0.002218724403064698
0.00222549099707976
0.0022225840017199515
0.002225292602088302
0.002225706202443689
0.0022302345954813064
0.0022389731951989234
0.0022387078031897547
0.002229410200379789
0.0022266827989369633
0.0022236356046050785
0.002216062997467816
0.0022132455953396855
0.0021971630048938096
0.0021874426049180327
0.0021750118001364173
0.002180456998758018
0.0021853056037798523
0.002235113806091249
0.002268536190968007
0.0022620506002567708
0.0022661269991658627
0.002258201804943383
0.0022155693965032696
0.002221163606736809
0.00222274319967255
0.0022079339949414136
0.0022094375919550656
0.0022065764060243964
0.002211146999616176
0.002206587605178356
0.0022043659933842718
0.00217498519923538
0.002217612403910607
0.0022164273890666665
0.0022148351999931037
0.0022199642029590906
0.0022245361935347317
0.002225371601525694
0.0022748902090825142
0.0022135365987196566
0.002216411998961121
0.0022115533938631415
0.002221612201537937
0.0022116743959486483
0.0022115598083473744
0.002210581209510565
0.002213732001837343
0.0022118104039691388
0.002193786192219704
0.0021867568022571502
0.0021840536035597326
0.002190667192917317
0.0021889671916142106
0.002196380798704922
0.002204022801015526
0.002196347794961184
0.0021872111945413055
0.002193801198154688
0.0021922031999565663
0.00219012739835307
0.002189372992143035
0.0021976053947582843
0.002186809806153178
0.002230033604428172
0.002196856995578855
0.0022475001984275877
0.00219963020645082
0.0021943126106634737
0.0022077363915741443
0.0022009465959854425
0.00219848359702155
0.002201889606658369
0.0022041707998141646
0.0022040541982278226
0.0022036614012904466
0.002205425000283867
0.002207512001041323
0.0022015586029738186
0.002196594199631363
0.0021934166084975003
0.002203985396772623
0.002204303606413305
0.0022054383996874096
0.0022077771951444446
0.0022114551975391805
0.0022062861942686142
0.0022028782055713235
0.0022096734028309584
0.002203855197876692
0.002185797004494816
0.0022012623958289623
0.0021933488082140685
0.002245661593042314
0.002199062402360141
0.0022439343971200286
0.002197781193535775
0.002248565200716257
0.0021961161983199418
0.0022013201960362494
0.002210693794768304
0.0022093848092481494
0.002203083597123623
0.0022054397966712715
0.002216937392950058
0.002222238597460091
0.00218806000193581
0.002184986195061356
0.0022095885942690074
0.0022084175958298146
0.0022481330088339746
0.002209371398203075
0.00225378560135141
0.002203055808786303
0.0022133882041089235
0.0022151609999127688
0.0022148957941681147
0.0022166338050737975
0.0022122822003439067
0.002217712195124477
0.002211448398884386
0.0022124820039607584
0.0022169800009578466
0.0022102752001956103
0.00221101000206545
0.002216220193076879
0.002211279794573784
0.0022113149985671043
0.0022170676034875213
0.002228987205307931
0.002183942403644323
0.0021833500009961425
0.0021796223940327764
0.0021908764028921723
0.0022241492057219147
0.002175210800487548
0.0021831667982041836
0.0021892555989325045
0.0021824060007929803
0.0021885183989070354
0.0021815784042701126
0.002183167403563857
0.0022246581967920063
0.00221359379356727
0.0022162453969940543
0.002219880395568907
0.0022247449960559607
0.0021951536065898834
0.0021994860027916728
0.002226874802727252
0.002227514993865043
0.002194118604529649
0.0021991005982272328
0.0022195504046976567
0.0022227557958103715
0.0022072230000048875
0.0022166772047057747
0.002223377593327314
0.00221789040369913
0.0022259443998336793
0.002227497799322009
0.0022236497956328095
0.0022198498016223313
0.0022181680076755585
0.0022264344035647808
0.002233309601433575
0.0022247577900998293
0.002220071596093476
0.002228631800971925
0.002221765602007508
0.0022283049998804926
0.0022110124002210794
0.002224438393022865
0.0022181205917149783
0.002216383605264127
0.0022125647985376416
0.002212608605623245
0.002221656800247729
0.002226527000311762
0.002172585006337613
0.0021834206068888306
0.002210632397327572
0.002205799997318536
0.0022008013911545277
0.002237695804797113
0.002317137806676328
0.002227363607380539
0.0022155271959491073
0.0022188712027855217
0.0022220473969355226
0.0022210160037502646
0.0022184557979926466
0.002221535600256175
0.002220650389790535
0.002221321000251919
0.0022192804026417434
0.0022176404017955065
0.002220904000569135
0.002221362793352455
0.0022184856003150343
0.002217488398309797
0.0022053775959648193
0.0022146708099171518
0.00221506740199402
0.0022229002090170978
0.002210023405496031
0.0022249377914704384
0.0022271909983828664
0.0022241779952310026
0.0022075325949117543
0.0022158715990372004
0.0022163619985803963
0.0022234492003917693
0.0022235271986573934
0.002217640809249133
0.0022135726059786974
0.0022233525989577172
0.0022202337975613775
0.0022182389977388082
0.0022179566090926527
0.0022105311974883078
0.0022214628057554363
0.0022124522016383707
0.0022171737975440918
0.0022167761926539242
0.0022222305997274816
0.002215941995382309
0.0022100946051068606
0.0022185630048625173
0.002214784198440611
0.0022089421981945634
0.002209421002771705
0.0021847333991900086
0.0021685598068870602
0.002210337796714157
0.0022145841969177125
0.002214164996985346
0.002208986598998308
0.002216570207383484
0.002212507394142449
0.00221476040314883
0.0022162863984704017
0.0022074579959735275
0.0022169322008267047
0.002213061205111444
0.0022040437906980515
0.0022108781966380777
0.0022050403989851476
0.0022092738072387874
0.002206327801104635
0.0022109067998826505
0.002214636595454067
0.002210646402090788
0.0022129883989691736
0.002205730602145195
0.002205581997986883
0.002207921410445124
0.0022278181975707414
0.0022586206090636552
0.0022141320048831405
0.002238525403663516
0.0022074114065617325
0.002220559201668948
0.0022143383976072073
0.0022145472001284363
0.0022312280023470523
0.0022274945979006587
0.0022211340023204685
0.0022765697911381723
0.0022174514015205204
0.002212380792479962
0.0022273799986578524
0.0022713355952873825
0.002218223793897778
0.002208772604353726
0.0022077901987358926
0.00221746499883011
0.0022141226101666687
0.002216630196198821
0.002221269404981285
0.0022649007965810596
0.002216400403995067
0.0022105372045189142
0.002215941192116588
0.0022207316011190414
0.002221222594380379
0.002217196801211685
0.0022351302090100945
0.0022238735924474894
0.0022179406019859015
0.0022531067952513695
0.0022146258037537337
0.0022252409951761367
0.0021883635898120703
0.002180926804430783
0.002187176398001611
0.0021881157997995617
0.0021834846003912388
0.002178576006554067
0.0021803178009577096
0.002173306199256331
0.0021782581927254794
0.002186088194139302
0.002178894798271358
0.0021725614089518784
0.0021690996014513074
0.0021801586030051113
0.0021844452014192937
0.0021819447982124986
0.0021763899945653974
0.002178169600665569
0.002184299600776285
0.0021818306064233183
0.0021826879936270418
0.0021869675954803826
0.0021840326022356748
0.002178998407907784
0.002186343399807811
0.0021795115899294615
0.002179465792141855
0.0021837505977600814
0.0021739403950050474
0.0021751577965915202
0.002177911391481757
0.0021895597921684383
0.0021889765979722143
0.002183873800095171
0.00218592380406335
0.0021794058033265174
0.002181309601292014
0.0021765194018371404
0.0021774844033643605
0.0021826551994308828
0.0021788251935504375
0.002185797202400863
0.0021825722069479525
0.002182376803830266
0.0021800151909701524
0.0021806346019729974
0.0021883971989154817
0.002190007199533284
0.0021809783997014166
0.0021881153923459353
0.0021861832006834447
0.0021901747910305857
0.0021869529969990253
0.002189292793627828
0.002180397999472916
0.002220726804807782
0.002218593005090952
0.0022257618024013937
0.0022184600005857647
0.0022154856007546185
0.002212680410593748
0.0022105307900346814
0.0022153311991132798
0.002222107397392392
0.002218553004786372
0.002213505399413407
0.0022189692012034357
0.0022110012010671198
0.0022221494000405073
0.002212404808960855
0.002218406600877643
0.0022187180002219975
0.002221121999900788
0.0022258767974562945
0.002220479608513415
0.0022216754034161566
0.0022211830015294253
0.0022138294065371157
0.0022214098018594084
0.0022204187931492924
0.002214405802078545
0.0022150564007461073
0.0022160029970109464
0.002217410993762314
0.0022319671930745243
0.002232361410278827
0.002216946007683873
0.0022115039988420903
0.002207575796637684
0.0022082558018155394
0.0022115836036391556
0.0022101482027210295
0.002208782604429871
0.0022068778052926064
0.0022058872040361167
0.0022098366054706274
0.0022119528031907974
0.0022067737998440863
0.002215191803406924
0.002211011201143265
0.0022150208009406925
0.0022136042010970415
0.002211758599150926
0.0022074404056183993
0.0022137908032163977
0.0022214223979972305
0.0022107004071585832
0.002190705598331988
0.002197837398853153
0.0021908018039539456
0.0021926945890299978
0.0021959615987725556
0.0021893028053455053
0.0021965986001305283
0.0022104920004494487
0.002217752009164542
0.002219135209452361
0.002213080390356481
0.002213235606905073
0.0022254041978158057
0.002213654003571719
0.0022182551911100745
0.0022159646032378078
0.002216669195331633
0.0022157999919727445
0.0022107782075181603
0.0022065347991883756
0.0022081721923314034
0.0022155145998112857
0.0022131051984615622
0.002209157799370587
0.0022123249946162105
0.0022145739989355207
0.002232578000985086
0.0022343674092553554
0.002226541400887072
0.002221618394833058
0.002235849795397371
0.0022391739999875425
0.0022107568103820084
0.0022153366007842124
0.0022189386072568595
0.0022193338023498653
0.0022240162012167274
0.00223048779880628
0.002214529796037823
0.002208260796032846
0.002215799002442509
0.0022220731945708392
0.0022074754000641406
0.0022090823971666397
0.0022190482006408272
0.002214627806097269
0.002230949606746435
0.002221057808492333
0.0022262730053626
0.002216692198999226
0.0022141915978863835
0.0022182277985848486
0.0022251717979088425
0.00223242660285905
0.002217392798047513
0.002217481005936861
0.002230317995417863
0.002225941594224423
0.0022270758054219186
0.0022260155994445084
0.0022516165976412595
0.0022281317971646784
0.002224167995154858
0.0022209985996596514
0.0022241012076847253
0.0022185879992321134
0.002217038406524807
0.0022167418035678567
0.0021955954027362166
0.0021939154015854
0.0022272720001637937
0.00221455420833081
0.002218593400903046
0.0022208438022062182
0.0022163277957588435
0.0022177443956024946
0.0022166057955473662
0.002215327008161694
0.002221264597028494
0.0022130160010419785
0.0022241719998419285
0.002213082602247596
0.002212250209413469
0.002212394797243178
0.0022101540002040566
0.002216239005792886
