average_runtime 0.0077738203661050645
0.007419589592609554
0.007710676593706012
0.007275445794221014
0.0072774736094288524
0.007268471596762538
0.007263608195353299
0.007294147193897515
0.007275841396767646
0.00728272000560537
0.007277984195388854
0.007360698003321886
0.007357403798960149
0.007829959597438573
0.007353193801827728
0.00732953279512003
0.007352672994602472
0.007308669399935752
0.00782143579563126
0.007329664390999824
0.007387235201895237
0.007873440603725612
0.007837582402862609
0.007744844199623913
0.0073115996085107325
0.007297061604913324
0.007302994607016444
0.007317336206324398
0.007317113794852048
0.007814383995719255
0.008190392202232033
0.007313820393756032
0.007330948393791914
0.007308434799779206
0.007314266602043063
0.007845917204394936
0.0073339770082384344
0.007312763796653599
0.007313342008274049
0.007817404600791633
0.007811005599796772
0.007827269996050745
0.007802895200438797
0.008173862600233405
0.007787319191265851
0.007825315999798476
0.0077798819984309375
0.007803724205587059
0.00778947799699381
0.00829387860139832
0.007763935404364019
0.0073228334076702595
0.007318254397250712
0.007272977998945862
0.0077974841929972175
0.007783511199522764
0.007298286003060639
0.007359186001121998
0.007361058797687292
0.007360174600034952
0.007343987794592976
0.007847869198303669
0.007840912404935807
0.007832906604744495
0.008206125197466463
0.007855976803693921
0.00820287959650159
0.007838736195117236
0.00785359040601179
0.007853994995821267
0.007856464805081486
0.00857651160331443
0.007863737200386823
0.007838595402427017
0.008490010199602693
0.007846078998409212
0.007834974594879895
0.007833614002447576
0.007891037804074585
0.007838715601246804
0.008015469193924218
0.0078383665997535
0.007883521204348654
0.007835948595311493
0.007866589596960693
0.007837368396576495
0.008173584996256977
0.00782359199365601
0.007834103610366582
0.008055157004855573
0.007819878601003439
0.0073825626051984726
0.007829302607569843
0.008597227791324259
0.007834706793073565
0.0078323538065888
0.007818351802416145
0.00784503340255469
0.007843071199022233
0.007841764797922224
0.007872268406208605
0.008186328399460763
0.007832802797202021
0.007994454202707857
0.007890881795901805
0.0073272363981232045
0.007321046805009246
0.007321657997090369
0.007863285997882486
0.007545158197171986
0.007346381596289575
0.007369316602125764
0.007337804394774139
0.007351473998278379
0.007344323804136366
0.007832206797320395
0.008176809397991747
0.00781034620013088
0.00782074899179861
0.008206242800224573
0.007839765795506538
0.00784094400005415
0.007827933807857335
0.007887935999315232
0.007820823008660226
0.00783794280141592
0.007838861795607954
0.007873963005840779
0.007838585996069014
0.007819475198630244
0.008482320397160948
0.007826144201681018
0.007840798597317188
0.007830839208327233
0.007842042203992605
0.007879995391704142
0.00780586819164455
0.0078064593952149154
0.0074473629938438535
0.007816909602843225
0.007431079400703311
0.007303305808454752
0.007805705594364554
0.007812938606366514
0.007365787599701435
0.007797040592413396
0.007822292402852326
0.007823273993562908
0.007818370591849089
0.007814434205647558
0.008500108402222395
0.007824921200517565
0.007835778989829123
0.007837884000036866
0.007808553404174745
0.008589375403244049
0.007812481990549713
0.007812863402068614
0.0077854602015577255
0.007847138599026948
0.008185605006292462
0.007800972193945199
0.007344573410227895
0.00730008379323408
0.007656354003120214
0.007349598000291735
0.007303777802735567
0.007301357400137931
0.007886767201125622
0.007381814997643232
0.007308857003226876
0.00734064900316298
0.007304986589588225
0.007888887403532862
0.007306536391843111
0.007800159195903688
0.007817490596789867
0.007808017998468131
0.008172215393278748
0.007798170601017773
0.007800208195112646
0.007300941797439009
0.00816152379848063
0.007348531589377672
0.007307409797795117
0.007811697397846729
0.008152609399985522
0.0077836378011852505
0.0078025792026892304
0.007795131800230592
0.008161026798188687
0.007788690400775522
0.007803347997833043
0.007793466397561133
0.008533327199984342
0.007792027399409563
0.0078010391909629105
0.007801529206335545
0.008481039595790208
0.007814099395181984
0.007840202597435564
0.00782066279789433
0.007802412589080631
0.00780150800710544
0.007807260798290372
0.007796226593200117
0.007350080006290227
0.0078033870086073875
0.007883791194763035
0.007801259600091726
0.007796230597887188
0.007788593997247517
0.007783461594954133
0.007762210804503411
0.007819213601760567
0.007819874200504274
0.007823309395462275
0.007822093600407243
0.008173350803554058
0.0078020244021899995
0.007803004398010671
0.007824781199451536
0.007816680008545518
0.007955561997368932
0.00782266838941723
0.007834884605836123
0.007815948792267591
0.007855512807145715
0.007812670606654137
0.00780910300090909
0.008597678400110453
0.007810545002575964
0.007792756392154843
0.007800260407384485
0.007814192003570497
0.007798937801271677
0.007813873002305627
0.007803986396174878
0.007799218595027924
0.007819054403807969
0.007803145400248468
0.007802947796881199
0.008144428196828812
0.007811527198646218
0.007827325002290308
0.007822607993148267
0.007810537796467542
0.008174216595944018
0.007823825802188367
0.007810367003548891
0.007806792401243001
0.007817981194239109
0.00785613979678601
0.007813600997906178
0.007810588192660362
0.007811861205846071
0.007815637602470815
0.007812770002055913
0.008183889195788652
0.007848272798582911
0.007846951810643077
0.0078119773999787865
0.007817691401578486
0.008162504399660975
0.007819450600072742
0.007829113991465419
0.007851746794767678
0.00793522159801796
0.007820778607856483
0.007828587188851089
0.00783376960316673
0.00781129039824009
0.007805462006945163
0.00780345059465617
0.00817801560042426
0.007806474808603525
0.007836114999372512
0.007825788005720823
0.007829251000657678
0.008493154600728303
0.007814932998735457
0.00781963679473847
0.007920831406954676
0.007819435198325664
0.007809898001141846
0.00780927340965718
0.008476508595049382
0.007796251401305199
0.007827224407810718
0.007799065008293837
0.0077875482034869496
0.007784799800720066
0.00822881560306996
0.007795617601368576
0.00787119879387319
0.007781108992639929
0.007878828200045974
0.00775684219552204
0.007752662606071681
0.007773006602656096
0.007750696409493685
0.007749682001303881
0.0077779509942047294
0.007739902997855097
0.00816430860431865
0.007775355607736856
0.00773821419570595
0.00775298320222646
0.007789949199650437
0.007756340806372464
0.0077351615997031335
0.008137884002644568
0.00726273818872869
0.007271155004855245
0.007265379000455141
0.007275392604060471
0.007263671793043614
0.007267480599693954
0.008414991793688386
0.007774375600274652
0.0077491661999374625
0.007742674998007714
0.007275015197228641
0.007750696002040059
0.00727409819373861
0.007367266796063632
0.008679659001063555
0.00784937699791044
0.007833876996301115
0.007264488597866148
0.00776377139845863
0.007760876603424549
0.007907914195675403
0.00774505219887942
0.008134770800825208
0.007798352197278291
0.007798997208010405
0.007780807197559625
0.0077932970016263425
0.0078060211963020265
0.007787363405805081
0.007668400392867624
0.007774672599043697
0.007302281796000898
0.007802352402359247
0.00778537739533931
0.007790305197704584
0.007782991207204759
0.008145684993360191
0.007790889800526201
0.00778929180232808
0.0078007115982472895
0.007797892007511109
0.007804612210020423
0.007788659993093461
0.008139939000830054
0.007809453795198351
0.007802436198107898
0.007792620395775884
0.007790154602844268
0.007859093195293099
0.007800492399837822
0.008149152796249837
0.007746844203211367
0.007750291400589049
0.007751223002560437
0.0077466571936383845
0.007746067002881318
0.007742976408917457
0.008110587392002344
0.007738484989386052
0.007746181194670498
0.007741576607804746
0.007740429195109755
0.007740719802677631
0.007749323209282011
0.007745173003058881
0.007839641603641211
0.007754005794413388
0.007744699798058719
0.007741843396797776
0.007749437994789332
0.007856277609243989
0.007746766810305417
0.007773454207926989
0.007745422411244362
0.007733553403522819
0.007746499206405133
0.0077507139998488125
0.008406318805646152
0.007795882993377745
0.007766130403615535
0.007724383391905576
0.007728376402519643
0.007728594401851296
0.007730273797642439
0.007736725802533329
0.008371873793657869
0.007742365798912942
0.007811163191217929
0.007806440407875925
0.007799336197786033
0.007799844397231937
0.007803720596712083
0.007803447404876351
0.008262405393179507
0.007801167399156839
0.007808741391636431
0.007811444590333849
0.007801669603213668
0.007804734993260354
0.007800295797642321
0.007804537389893085
0.007815706206019967
0.007800329802557826
0.007824642001651227
0.0077976549975574015
0.007796400401275605
0.007800786197185517
0.00780371279688552
0.0077971642022021115
0.007800260407384485
0.007819717191159726
0.007813278201501817
0.007802371610887348
0.007783789001405239
0.0077953630010597404
0.007797482796013356
0.0077968896017409865
0.007798003999050706
0.00813884319504723
0.007790456607472152
0.00733870459953323
0.00779169499874115
0.007794230803847313
0.007811120804399252
0.007795945391990244
0.007786915195174516
0.007789009995758533
0.008444975002203137
0.007800538407173008
0.007819797599222512
0.007794968597590923
0.007783235190436244
0.007825385394971818
0.007795452803838998
0.007845605595503003
0.007800214795861393
0.0077960330061614515
0.007806712202727795
0.007815226400271057
0.00784143100026995
0.007786635798402131
0.0077812850009649995
0.0077712101978249844
0.007772095804102719
0.007809228799305856
0.007788311399053782
0.007770364603493363
0.007774202199652791
0.008176362595986576
0.007775415596552193
0.007775035407394171
0.007763300405349583
0.007795935007743537
0.007857495790813119
0.007861691201105714
0.007837920601014048
0.007834570400882512
0.007848694804124534
0.00784379440592602
0.007843798806425184
0.007833251601550729
0.00782414199784398
0.007844436401501297
0.007361925393342972
0.0073618590016849336
0.007454698800574988
0.007850845996290445
0.00819265739992261
0.007828930404502898
0.007330332801211625
0.007352485996671021
0.0073639685986563565
0.00790249661076814
0.007878057402558624
0.00784946660278365
0.007854079001117498
0.007874360994901509
0.007845192204695196
0.007836166606284677
0.007356870605144649
0.00788300040876493
0.007864185608923435
0.007853262999560684
0.007837427197955549
0.007840104401111603
0.007843000604771078
0.008210883603896945
0.00784724400145933
0.007857743406202645
0.007842847798019647
0.007849224598612637
0.007843003992456942
0.007847177400253712
0.00736866700462997
0.007858037203550338
0.008198082807939499
0.007842215395066887
0.007865928404498845
0.007839737005997448
0.007866593194194138
0.007846185599919408
0.00784829059848562
0.007840831391513347
0.00783591839717701
0.007857649598736315
0.007832880201749503
0.007849051803350448
0.007727178197819739
0.007724623603280634
0.007716806000098586
0.007711115409620106
0.007721487397793681
0.007708809000905603
0.007713708409573883
0.008077195810619742
0.007722377392929048
0.0077380870003253225
0.0077138610067777336
0.00771256119478494
0.007707620202563703
0.0077133219921961425
0.007710152002982795
0.007877232797909528
0.008460460393689574
0.007771936792414636
0.007776596606709063
0.007764714793302119
0.007767778600100428
0.0077673753956332805
0.007883293798658996
0.00776317979907617
0.007756129605695605
0.007751206203829497
0.008386765595059843
0.007755300204735249
0.007753246603533626
0.007746777392458171
0.00775427179178223
0.007747836399357766
0.007762156589888036
0.007752199994865805
0.007764117000624538
0.0077700588037259875
0.00775577980093658
0.008207054203376174
0.00778246260015294
0.007806257007177919
0.007836581591982394
0.007833019807003438
0.007826819398906082
0.007831069000530988
0.00782797479769215
0.007853073603473603
0.007912008406128735
0.007845371996518224
0.007859332603402436
0.00782290839124471
0.007833344198297709
0.007853760593570768
0.007835548603907228
0.007821144408080728
0.00782805260969326
0.00782795880222693
0.007822536595631391
0.007824834005441516
0.007836236804723739
0.007817492599133401
0.007842550601344556
0.00781859119888395
0.00783588980557397
0.007830360205844045
0.007819674804341047
0.007844039192423224
0.007846421399153768
0.007832276204135269
0.007832861400675028
0.007837059407029301
0.007826660806313158
0.007823825802188367
0.00783635739935562
0.00781502879690379
0.00782765740295872
0.007827387598808855
0.007759529200848192
0.007747356593608856
0.00778411419596523
0.007743092998862266
0.007842330005951225
0.00785209760069847
0.007779475802090019
0.007770388410426677
0.007775880198460072
0.008424742799252271
0.007769488601479679
0.007777887396514416
0.007776074600405991
0.007792572607286274
0.007769841200206429
0.007779377407860011
0.007770462392363698
0.007789252209477127
0.00777267919620499
0.0077766617992892865
0.00777044320711866
0.007765342004131526
0.007765114202629775
0.00854923960287124
0.007781379600055515
0.007780219404958188
0.007774826604872942
0.007761159003712237
0.0077656886074692014
0.007809471595101059
0.007795467996038497
0.007765260001178831
0.007788364600855857
0.007779264403507113
0.007785713998600841
0.007793109398335218
0.007777444599196315
0.008166916598565877
0.007773273799102753
0.007793123403098434
0.007788342598360032
0.007783004804514349
0.007774710597004741
0.007775602606125176
0.007811391400173307
0.007772844797000289
0.007773890998214484
0.007778237399179488
0.007808599201962352
0.007776057592127472
0.008138348197098822
0.00775613880250603
0.007777105795685202
0.007774589804466814
0.007793540798593313
0.007770469400566071
0.0077771459938958286
0.007769475795794278
0.007774657197296619
0.007776841206941753
0.007774356403388083
0.007776224799454212
0.007766132790129632
0.00815435660770163
0.007806993403937668
0.007762113003991544
0.007772934401873499
0.007780882797669619
0.007775095198303461
0.007760929595679045
0.007765072397887707
0.007764308003243059
0.007773600798100233
0.007734192593488842
0.007856549602001906
0.007817792799323797
0.008118227194063365
0.007776403392199427
0.007764688809402287
0.007774084992706776
0.007764984795358032
0.007797994802240282
0.007771815394517034
0.007793720008339733
0.0077929137973114845
0.0078059765975922344
0.007836687401868403
0.007844506995752454
0.007846576604060828
0.00820989980129525
0.007839222601614893
0.007842102798167615
0.00783409239957109
0.00783387339906767
0.007840228592976927
0.007843385601881891
0.007834590191487223
0.007828229991719126
0.007834267406724393
0.007854037603829056
0.007834602799266576
0.00783004320692271
0.008198734605684876
0.007843526999931783
0.00783823620295152
0.007839757204055785
0.007841206202283502
0.00784428680781275
0.007834470400121063
0.007830715202726424
0.007840155391022563
0.007843979599419982
0.007838744192849845
0.00784387260209769
0.007831655198242516
0.007839813595637679
0.007833111193031072
0.007825302600394934
0.007420196000020951
0.0073317962000146505
0.007324678206350655
0.0073306075995787975
0.007825110002886503
0.007842107396572828
0.00781970559619367
0.007829380594193936
0.007830141601152718
0.007814521004911512
0.008188641793094576
0.007828975399024784
0.00783388779964298
0.007813814596738666
0.007817678805440664
0.007819344406016171
0.00782087560510263
0.007842225802596659
0.007815382000990212
0.007823633996304124
0.007819252996705472
0.007382176199462265
0.007816544000525028
0.008555059402715415
0.007820376800373197
0.0078228133963421
0.007846219802740962
0.007822264195419848
0.0078228262020275
0.007371557399164885
0.007826316996943205
0.007830970408394932
0.00781294599873945
0.007380753196775914
0.007835246797185391
0.007829358789604158
0.00846371620427817
0.007373934204224497
0.007828881405293942
0.007384015596471727
0.007835503993555903
0.007816647796425968
0.00773134520277381
0.007285479200072586
0.0077123407972976565
0.007290178409311921
0.007282124599441886
0.007235917204525322
0.007282225205563009
0.007236054597888142
0.007237825600896031
0.007674117595888675
0.007242610200773924
0.00723959079477936
0.007723380601964891
0.007723707403056323
0.0072771479957737025
0.007277933193836361
0.007749093999154866
0.007280172198079526
0.00727694199886173
0.007237128191627562
0.0072868722025305034
0.007236733601894229
0.007249076804146171
0.0077408445999026295
0.007748494204133749
0.007746265002060682
0.007741845399141312
0.007775731605943292
0.007753263995982707
0.007747036207001656
0.007741121796425432
0.0077431285986676816
0.007758499996270984
0.007751751004252583
0.007720039202831685
0.0077377427951432765
0.007765451597515493
0.007729156594723463
0.00774687280645594
0.007782804395537824
0.008162356598768383
0.007732175011187792
0.007724939798936248
0.00772553380811587
0.007721497199963778
0.007737546204589307
0.007736876606941223
0.007721621193923056
0.007738214603159576
0.00772942960029468
0.007728742598555982
0.007732395001221448
0.007777134596835822
0.00772375320084393
0.007727660005912185
0.0077321634045802055
0.007731117005459964
0.007739621796645224
0.007601187203545123
0.007238399400375783
0.007243499392643571
0.007739053794648498
0.007256279606372118
0.007772537390701472
0.007730533007998019
0.007734687207266689
0.00773708859924227
0.007734240405261517
0.007728053000755608
0.0077411773963831365
0.007743302802555263
0.0077238616067916155
0.007755819195881486
0.007755456794984639
0.00776561580132693
0.0077347554033622146
0.007746057200711221
0.007730498607270419
0.007738123997114599
0.007772896997630596
0.007772870000917464
0.007728667207993567
0.00784155580913648
0.007842944597359746
0.007861399208195508
0.007833689206745476
0.007826930598821492
0.007774287008214742
0.0077391517930664126
0.0077335807960480455
0.007716223201714456
0.007720612804405391
0.007715654198545962
0.007721769204363227
0.007732187199871987
0.007722569804172963
0.007722696801647544
0.007726048596668989
0.0077472056029364465
0.007733694405760616
0.007723572000395506
0.007716830598656088
0.007726118597202003
0.007726453803479671
0.007719004596583545
0.0077217792044393715
0.007721961406059563
0.007716316601727158
0.007713812997099012
0.00771268920507282
0.007751851400826126
0.007717504200991243
0.007729174604173749
0.007732947007752955
0.007716366008389741
0.008100403402931989
0.007707744801882655
0.007717729802243412
0.00772319280076772
0.007711514399852603
0.007705612003337592
0.007712349202483893
0.007732652605045587
0.007265668199397624
0.0077045871992595496
0.007748476008418948
0.0077144377981312575
0.007716674997936934
0.007704429200384766
0.007713027391582727
0.007745334599167109
0.007702187995892018
0.00771196159766987
0.008080819004680962
0.007412723393645138
0.00784276199992746
0.007837418001145124
0.00782592900795862
0.00783856880152598
0.007825926796067506
0.007847023406066
0.007844276796095073
0.007847359601873905
0.007850063999649137
0.007828063599299639
0.007837544602807611
0.007831590611021965
0.007870183989871294
0.007858851400669664
0.007396744401194155
0.007864054606761784
0.008183263591490686
0.007843873207457363
0.007844419195316732
0.008189219003543257
0.007831658993382007
0.007828701194375754
0.007827718195039779
0.00783143820008263
0.007834327395539731
0.007841691607609391
0.007839010003954172
0.007824183197226376
0.007830788602586836
0.007837946596555411
0.00783538999967277
0.00783337940229103
0.007822890009265393
0.00782611919566989
0.007831282203551383
0.007832124200649559
0.007858354202471673
0.007821994391269982
0.00781625839881599
0.007820523402187973
0.007819300191476941
0.007824888592585922
0.007824637996964156
0.00784080739831552
0.007824129401706159
0.00783116479869932
0.007834675605408847
0.007837004598695786
0.007846300990786403
0.007819819601718337
0.007830645598005503
0.007832457195036113
0.007817283004987985
0.007832034199964255
0.007802006404381246
0.007761255605146289
0.007769221602939069
0.007794390199705958
0.007785763998981565
0.007797642599325627
0.00780800700886175
0.007827286596875638
0.007797268393915147
0.007787636399734765
0.007788186799734831
0.007845090399496258
0.00782381899189204
0.007835235795937479
0.007816150400321931
0.007851063401903956
0.007749470393173396
0.007875908596906811
0.007782053796108812
0.007777489000000059
0.007751705800183117
0.007750049396418035
0.007748344400897622
0.007770028803497553
0.007747423404362052
0.007748448802158236
0.007741852605249733
0.007752052799332887
0.007744904200080782
0.007773481402546167
0.0077431428013369445
0.007749352394603193
0.007748952007386833
0.007757467194460332
0.0077536518103443084
0.00775453100213781
0.007741375209297985
0.007744167000055313
0.007730063598137349
0.007731109601445496
0.0077727573923766615
0.007728658604901284
0.007729070808272809
0.007744334195740521
0.007304372393991798
0.00774956860113889
0.007369254005607217
0.00781356260413304
0.007739614392630756
0.0078114487929269675
0.007791962602641434
0.0078023979905992745
0.007806232792790979
0.007799000001978129
0.007364722795318812
0.007808311202097684
0.0078044138033874335
