average_runtime 0.007487434390323044
0.007824457390233875
0.007303466007579118
0.007321868592407554
0.007296884595416486
0.007311110803857446
0.007353872596286237
0.007315671804826706
0.007306521805003285
0.0073009607964195315
0.007312780397478491
0.007299185206647962
0.007309424201957881
0.0072935795993544165
0.007317234401125461
0.007308707607444375
0.007809657405596226
0.0073525785934180025
0.007348555198404938
0.007297720201313496
0.007318374398164451
0.007834631798323244
0.007835966802667826
0.007303802599199116
0.007317794801201672
0.007300840003881604
0.007306373596657067
0.007306978199630975
0.007315859606023878
0.007308637595269829
0.007302502193488181
0.00730017259484157
0.007308347197249532
0.00781980260508135
0.007807015394791961
0.007309165201149881
0.007750127196777612
0.0072523177950643
0.007733140606433153
0.00724685019813478
0.007238207606133073
0.007243091403506696
0.007244790997356176
0.007735614397097379
0.007264294207561761
0.0077316723996773366
0.007228701806161553
0.007276114192791283
0.007224201806820929
0.00723702380200848
0.007224878796841949
0.007240277808159589
0.007241194997914135
0.007226029597222805
0.0077305046026594935
0.007222430594265461
0.007729589194059372
0.007204621599521488
0.0072259675944224
0.007749483198858797
0.007715355802793056
0.007254562596790493
0.005974336597137153
0.007718224008567631
0.007730008196085691
0.007766223198268562
0.00722233559936285
0.007736064202617854
0.00722350759897381
0.007260564202442765
0.007240741606801748
0.007398272200953215
0.00799194920109585
0.007375879003666342
0.0073807482025586065
0.007373596599791199
0.007370706601068378
0.007386241597123444
0.007854076195508241
0.007367923797573894
0.007418794801924378
0.00784592559793964
0.007371591392438859
0.007368722197134048
0.007421574403997511
0.007359023601748049
0.0073669093893840906
0.007364166202023625
0.007371744804549963
0.007380142400506884
0.007370089599862695
0.007886834198143334
0.00785303219454363
0.007357682997826487
0.007866570202168077
0.007362733804620802
0.007381233596242964
0.007384068192914128
0.007367839594371617
0.00738471319200471
0.007995030796155333
0.00738362519768998
0.0073849728098139165
0.0073795735952444375
0.007367705390788615
0.00786283160559833
0.007869217393454165
0.0073869129992090166
0.007370999397244305
0.007367786404211074
0.00785105659160763
0.007796398794744164
0.007269082602579147
0.007269560801796615
0.007804972992744297
0.007272140996064991
0.007771171000786126
0.007286269590258599
0.007281161600258201
0.007322697399649769
0.007789898791816086
0.007315533806104213
0.007762694405391813
0.007275626400951296
0.007293577992822975
0.00739456081064418
0.007388169202022255
0.007867351802997292
0.0073666551965288814
0.007861351990140975
0.007377362402621657
0.007387216202914715
0.007378849200904369
0.007384312408976257
0.007863872800953686
0.007380764395929873
0.007871058001182974
0.007749958406202495
0.007250289805233479
0.0072538426029495895
0.007248781609814614
0.007238547201268375
0.007758614595513791
0.007242355996277183
0.00724452780559659
0.007256126194261014
0.0073609843966551125
0.007354023796506226
0.00740202380111441
0.007365295197814703
0.007364442001562566
0.00785174019401893
0.007380322809331119
0.007369131199084222
0.007355972996447235
0.007401942799333483
0.007370182394515723
0.00786329860566184
0.00736235580407083
0.007866092398762703
0.0073578115901909765
0.007374186406377703
0.007349151803646236
0.007882244000211359
0.007350287807639688
0.0073831766028888525
0.007369412796106189
0.007354330399539322
0.008148172602523119
0.007281384000089019
0.007812263397499919
0.00738867080071941
0.007425513793714344
0.007372980995569378
0.007372675207443535
0.007376532594207674
0.007869180792476982
0.007361016795039177
0.007383726607076824
0.007379366597160697
0.007394329400267452
0.007871087198145688
0.007430250197649002
0.007691102393437177
0.008001317200250924
0.007988680596463382
0.00737448459258303
0.0073688876000232995
0.00738769939634949
0.007378240604884923
0.007410985603928566
0.007887574390042573
0.007889902207534761
0.007892764394637198
0.007383378001395613
0.007389301399234683
0.006118852994404733
0.007395088591147214
0.00787826080340892
0.007874465791974216
0.007880079408641905
0.007384954206645489
0.007383001002017409
0.007373806601390242
0.007869191200006754
0.007388350996188819
0.007857716409489512
0.007407599000725895
0.007875093992333859
0.00737470060121268
0.007416845590341836
0.007484310399740934
0.007488914206624031
0.007483308401424438
0.00745136319892481
0.008169595000799746
0.008268465392757208
0.007393372396472841
0.007396563596557826
0.007619462197180837
0.007275952200870961
0.007775341800879687
0.007361928594764322
0.007875685999169945
0.007363824592903257
0.007324762607458979
0.00779224440921098
0.007822429400403053
0.007796965597663075
0.007310959801543504
0.007312957406975329
0.007302817795425654
0.007311839598696679
0.007814698002766818
0.007302555802743882
0.007299014599993825
0.007298167992848903
0.007307932409457862
0.00784575060242787
0.007349483598954975
0.007786702597513795
0.007301314803771675
0.007314317009877414
0.0073243040009401735
0.007310451404191553
0.007357263402082026
0.007304991199634969
0.00783909879392013
0.00782031259732321
0.007812790398020297
0.0073199846083298326
0.007313413999509066
0.007301599392667413
0.0073128544026985765
0.007324620801955462
0.007315033196937293
0.007299521402455866
0.007798069599084556
0.007309042999986559
0.007808517804369331
0.007310179795604199
0.007291788200382144
0.007328223995864391
0.007669329992495477
0.007822142995428294
0.007801238598767668
0.0073108963901177045
0.007802538201212883
0.007807703595608473
0.00731993600493297
0.007809208799153566
0.0073658950044773516
0.0073258525924757125
0.007338433002587408
0.00732017339905724
0.0073177473968826234
0.007831103401258588
0.007805000001098961
0.007311528804711998
0.007311070198193192
0.007792674191296101
0.007353116804733872
0.007300686999224126
0.007816806202754378
0.007341655797790736
0.00724513380555436
0.007286005199421197
0.005983108200598508
0.007229157199617475
0.007234232395421714
0.0072446320089511575
0.0072432569926604625
0.007246021204628051
0.007238101004622877
0.007734105410054326
0.007753061992116272
0.00723980760667473
0.00723761540139094
0.007727538992185146
0.007244031003210694
0.007741348200943321
0.007729716994799673
0.007242538209538907
0.007237928605172783
0.007246709999162704
0.007738519599661231
0.007232739194296301
0.007241695793345571
0.0072426555911079046
0.007288722402881831
0.007245499792043119
0.007259791402611881
0.007732672395650298
0.007232776202727109
0.00723095559515059
0.007240261405240744
0.007732846599537879
0.007238150399643928
0.007224925199989229
0.0077516450081020595
0.007220212195534259
0.007770792802330106
0.007238804001826793
0.007234585401602089
0.007275158003903925
0.007236173993442207
0.007278093404602259
0.007736598595511168
0.0072272187913768
0.007760139601305127
0.007220313802827149
0.007204008009284735
0.007713939005043358
0.00722876419313252
0.007217518601100892
0.007277712598443032
0.007222734997048974
0.00726949319941923
0.007222115399781614
0.007220639602746814
0.007232396805193275
0.007712865597568452
0.007229734398424626
0.007720484398305416
0.007217605202458799
0.007752700196579099
0.007238766201771796
0.007746976194903254
0.007235964806750417
0.007227721193339675
0.007340622402261942
0.0073467976064421235
0.007333863398525864
0.007242605998180806
0.007227235799655318
0.007231359009165317
0.007244523603003472
0.007747652800753712
0.008122332592029125
0.007249542407225818
0.007255817798431962
0.00729199139168486
0.0077814496005885305
0.007742481399327516
0.007232629205100238
0.007241665199398994
0.007726460404228419
0.007239904394373298
0.00724713479867205
0.00778240580111742
0.007245838595554233
0.007259340002201497
0.007248705590609461
0.007763471396174282
0.007282950193621218
0.007246607798151672
0.0077447987976484
0.007733775000087917
0.00723958860617131
0.0072418974013999104
0.007243421394377947
0.007737411803100258
0.007253482996020466
0.007253769610542804
0.00777954519726336
0.007779927796218544
0.007247416605241597
0.007752171589527279
0.007776235591154546
0.007802605198230594
0.007797661796212196
0.007803978200536221
0.007804402802139521
0.007308672799263149
0.007329751609358936
0.007827929803170264
0.007308672997169197
0.007307216199114919
0.007921702601015568
0.007309395202901215
0.0073246569954790175
0.007376822002697736
0.007365322206169367
0.007826564798597247
0.007807682396378368
0.007732581999152899
0.007796965993475169
0.007815318403299899
0.007933524192776532
0.007315508194733411
0.007829006400424988
0.007325856795068831
0.007322935399133712
0.007331151608377695
0.007842839392833412
0.007944321190007032
0.007314357999712228
0.007816423405893147
0.007334829401224851
0.00781300060916692
0.007363614602945745
0.0073268967913463715
0.007331990997772664
0.007931028597522528
0.0073346377932466565
0.007312983798328787
0.007408812001813203
0.007427846803329885
0.007418956595938653
0.007410165993496776
0.0073646076023578646
0.007845755794551223
0.007874873001128435
0.007848568400368095
0.007353573199361562
0.007845066394656897
0.007862283405847848
0.00784866079920903
0.007363786001224071
0.007350353396032005
0.0073570457985624674
0.007393976999446749
0.00784062680322677
0.00735534840496257
0.007859210204333066
0.007858478603884578
0.007348696806002408
0.007364973204676062
0.007358833798207343
0.007360979809891433
0.007854940404649824
0.007406234799418598
0.007720400590915233
0.007843416393734514
0.007351085194386542
0.007353879604488611
0.007347393792588264
0.007854166789911687
0.007359428401105106
0.00796582199400291
0.007961223588790745
0.007345209002960473
0.007348447607364505
0.007829156809020788
0.007361532002687454
0.0073992135934531685
0.007353557809256017
0.007352615799754858
0.007843704195693135
0.007338398194406182
0.007850011601112783
0.00735293400939554
0.007359675795305521
0.007350244396366179
0.007347108994144947
0.0073504150030203165
0.007349979400169104
0.007843245810363442
0.00734296019654721
0.007341526995878667
0.007856527797412128
0.007342644000891596
0.007337026996538043
0.007863320794422179
0.007385614002123475
0.007396097597666085
0.007384896802250296
0.007957334606908261
0.007357390597462654
0.0073523362050764264
0.00786197279812768
0.0073614108026959
0.0073495856020599605
0.007832219603005796
0.007344804599415511
0.007362951396498829
0.007965026795864106
0.007853974401950837
0.007850205199792981
0.007360326603520662
0.0073601532028988005
0.007851795805618168
0.007358786195982248
0.007360869995318353
0.007850952201988549
0.007362810394261033
0.007353256002534181
0.007366057997569442
0.007362136000301689
0.007859839394222945
0.007845242193434387
0.007358863996341824
0.007841965393163263
0.007849596603773535
0.007870502793230117
0.007852758595254273
0.007844284805469216
0.007867688406258821
0.007855946198105812
0.007360233401414007
0.007371077395509929
0.007364372594747692
0.007359757402446121
0.007340920600108802
0.007355734007433057
0.007360338198486716
0.007963298796676099
0.0074030083953402935
0.00788355820113793
0.007868736202362924
0.007368028594646603
0.0073681546025909485
0.007383143599145115
0.007855819794349373
0.007409463601652533
0.007354451599530876
0.007371616002637893
0.007411961199250072
0.007847992598544806
0.007377383194398135
0.007383817201480269
0.007374781207181514
0.007859523198567331
0.007378487195819616
0.00738215500023216
0.00825477479957044
0.0074190344079397615
0.007389282609801739
0.007372558198403567
0.0073767121997661885
0.00736863820347935
0.007375721004791558
0.00738183920038864
0.0073765420005656775
0.007356285594869405
0.0073719129897654055
0.007379117200616747
0.007366894197184592
0.007861534191761166
0.0073657853994518515
0.00786218480207026
0.007370796601753682
0.007367598789278418
0.007853921200148762
0.007372056192252785
0.007362581393681467
0.007368568598758429
0.007369746197946369
0.007860543602146209
0.007370736403390765
0.00736132439924404
0.007856205804273486
0.007411113602574915
0.0073718384024687115
0.007369025808293373
0.007386169605888426
0.00786341360071674
0.007888955797534436
0.007405077200382948
0.007405784609727561
0.007372602797113359
0.007367669802624733
0.007868508598767221
0.007855636195745318
0.007368907995987684
0.007858834601938725
0.007852387405000627
0.007367943599820137
0.007424942404031754
0.007861646998208016
0.007415174599736929
0.007416537799872458
0.00810161440167576
0.007365306396968663
0.007362958998419345
0.0073635655920952555
0.007862325792666524
0.007853617996443064
0.007367517799139023
0.007881827396340668
0.007308947003912181
0.007343415997456759
0.007340351806487888
0.007820700202137232
0.007334751007147133
0.0073659555986523625
0.007808363402727991
0.007826142990961672
0.0073145772097632285
0.007328444998711348
0.007840364403091372
0.007337832602206618
0.00732994939899072
0.00782460339833051
0.00733969520078972
0.007844628591556102
0.007330225198529661
0.007822491799015552
0.007335971994325519
0.007346403202973306
0.007330183195881546
0.007320016191806644
0.007331538002472371
0.007330545398872346
0.007831910194363445
0.007341210404410959
0.007342694001272321
0.007346982206217945
0.007392085203900933
0.0073395957937464115
0.007342279399745166
0.007331609795801342
0.007823008997365832
0.007855130801908672
0.007830326608382166
0.007334589201491326
0.0073402135982178155
0.007835115399211645
0.007832686800975352
0.007341115199960768
0.007997239800170064
0.0073108945973217486
0.007399018795695156
