average_runtime 0.0008880159457097761
0.0009678033500676974
0.0008807963487925008
0.0008805819001281634
0.0008785148005699739
0.0008790178020717576
0.0008759656484471634
0.0008808558981399983
0.0008786983496975153
0.0008762644487433135
0.0008778574498137459
0.0008747351501369848
0.0008733698487048969
0.0008798157999990508
0.0008786448510363698
0.0008792136999545619
0.0008798957482213154
0.000878724901122041
0.000877702099387534
0.0008790353982476518
0.0008799606002867222
0.0008782364486251027
0.0008816330519039184
0.0009603395999874919
0.0008982024010038003
0.0008932488010032103
0.0008882886497303844
0.0008888753509381786
0.0008870384510373697
0.0008885313494829461
0.000882747897412628
0.0008885825984179974
0.0008874104503775015
0.0008889587479643524
0.000887120349216275
0.0008946731977630407
0.0008813904016278685
0.0008871728001395241
0.0008850080514093861
0.0008873581478837878
0.0008884688490070402
0.0008850102982250974
0.0008927301998483018
0.0008897764491848648
0.0008902882022084668
0.0008853565494064241
0.0008887775999028236
0.0008886428026016801
0.0008870362507877871
0.000889175001066178
0.0008880070003215223
0.0008855040505295619
0.0008898753498215228
0.0008874811494024471
0.0008868197997799143
0.000887392449658364
0.0008868753007845953
0.0008899546490283683
0.0008920827502151951
0.0008897754480130971
0.000887011649319902
0.0008857888489728794
0.0008889668009942397
0.0008868613513186574
0.0008844823489198462
0.0008843466493999586
0.000891172100091353
0.0008853403996909037
0.0008881573012331501
0.0008910607983125373
0.0008893404999980703
0.0008918504987377674
0.00088839415111579
0.0008888619486242533
0.0008845678006764501
0.0008876656007487327
0.0008868087490554899
0.0008886479481589049
0.0008893875492503867
0.0008874437509803102
0.0008873362996382639
0.0008853328501572833
0.0008870838995790109
0.0008898315514670685
0.0008870995516190305
0.0008888376003596931
0.0008885704504791647
0.0008892473008017987
0.0008878635009750724
0.0008856414497131482
0.0008885493996785953
0.0008895352977560834
0.000887134249205701
0.0008890740020433441
0.0008894894999684766
0.0008878229011315853
0.0008875377010554075
0.0008833192492602393
0.000886736749089323
0.0008867281983839348
0.0008861975016770885
0.0008847390505252406
0.00088802800164558
0.0008863946510246024
0.0008851146500092
0.0008882072492269799
0.0008883643487934024
0.0008867863012710586
0.0008899273001588881
0.0008889723510947078
0.0008860263507813216
0.0008877417480107397
0.0008892187994206324
0.0008866518008289858
0.0008911329001421109
0.0008892812009435147
0.0008888575510354712
0.0008916682505514473
0.000890423048986122
0.0008858241490088403
0.0008886132505722344
0.0008903241512598469
0.0008875259518390521
0.0008843108982546255
0.0008863141993060708
0.000886979399365373
0.0008852875995216891
0.0008859956491505727
0.0008854944520862773
0.0008869560988387093
0.0008918813487980515
0.0008879351487848907
0.0008859962981659919
0.0008867362485034391
0.0008860963513143361
0.0008862182003213093
0.000886176250060089
0.0008904299989808351
0.0008897944004274905
0.0008856591506628319
0.0008859845023835078
0.0008858446992235259
0.0008815891487756744
0.0008838519512210042
0.0008855671010678634
0.000890958501258865
0.0008897191990399733
0.000890854699537158
0.0008911684504710138
0.0008920384483644739
0.0008878626016667112
0.0008886485011316836
0.0008860737987561151
0.0008862986491294578
0.0008865850511938333
0.0008865204494213685
0.0008841878501698375
0.0008847867487929761
0.0008858210989274084
0.0008849495003232733
0.00088618574955035
0.000886226148577407
0.0008903704991098493
0.0008877530985046178
0.0008873732498614117
0.0008899487496819347
0.0008884295995812864
0.0008881932473741472
0.0008876707521267235
0.0008888404001481832
0.0008867258497048169
0.0008861834503477439
0.0008854975516442209
0.0008860426518367603
0.0008869856013916433
0.0008842682989779859
0.0008868820499628782
0.0008842167997499927
0.0008901894500013441
0.0008903936977731064
0.0008905033493647352
0.000887043250259012
0.0008867886499501765
0.0008884440991096199
0.000888703452073969
0.0008855127001879737
0.0008860047993948684
0.0008867049997206778
0.000885177348391153
0.0008871466998243704
0.0008847823977703228
0.0008861873502610251
0.0008862691494869069
0.0008846730983350426
0.0008867466996889562
0.0008838974987156689
0.0008864215516950936
0.0008892165002180264
0.0008891514997230842
0.0008880022476660087
0.0008877354499418289
0.0008908207528293133
0.0008861800481099636
0.0008829942991724238
0.0008859156514517963
0.0008838049019686878
0.0008834462001686916
0.0008857789012836293
0.0008871394500602036
0.0008853029983583837
0.0008886306488420815
0.0008865185489412397
0.0008900652988813818
0.0008903577487217263
0.000885230751009658
0.0008864639006787911
0.0008909932483220472
0.0008881279994966462
0.0008970123482868076
0.0008883278991561383
0.0008913496480090543
0.0008892193000065163
0.0008900390996132046
0.0008902556990506127
0.0008943089516833425
0.0008878607506630943
0.0008963011001469568
0.000893740399624221
0.0008934673998737708
0.0008968606998678297
0.0008910736505640671
0.000892935402225703
0.0008929189498303458
0.0008886850497219712
0.0008912106015486643
0.0008928353490773588
0.0008871319994796067
0.000891189300455153
0.0008910531003493815
0.0008894279482774437
0.0008915544982301072
0.0008891679521184414
0.0008979756006738171
0.0008915727492421865
0.0008937020495068282
0.0008925544010708108
0.0008911162498407066
0.000896171250496991
0.0008925845002522692
0.0008937579026678577
0.0008915409503970295
