average_runtime 0.0035719116470892915
0.0036710651940666137
0.003641983203124255
0.0036527965916320682
0.0036245091934688388
0.003634386393241584
0.00362463720375672
0.003635499393567443
0.003619699401315302
0.0036380936042405667
0.003614358801860362
0.0036213576095178723
0.0036207681987434626
0.003605090803466737
0.00393296480178833
0.0036193300038576126
0.0036076943972148
0.0036308811977505684
0.0036294180084951223
0.0036229862016625702
0.003624278004281223
0.003635117399971932
0.003617941203992814
0.003625620203092694
0.0036284290021285416
0.0036247218027710914
0.0036277668084949257
0.003622062597423792
0.0036249510012567043
0.0036326511995866894
0.0036249191965907813
0.003625838190782815
0.003618394606746733
0.003632674994878471
0.0036188728059642016
0.003623219591099769
0.0036147909937426447
0.003631441795732826
0.003619097999762744
0.003661710198502988
0.0036479505943134427
0.0036667142063379287
0.003640989400446415
0.0036475578090175986
0.0036523415939882396
0.0036463407916016875
0.00363630159990862
0.0036234481958672404
0.00363204280147329
0.0036331604002043604
0.0036475548055022954
0.0036209949990734457
0.0036151147913187744
0.0036361471982672812
0.0036220229929313065
0.0036231989972293375
0.0036298500024713578
0.003642315394245088
0.003625628398731351
0.0036253707949072123
0.0036207430064678194
0.0036273297970183193
0.003621817799285054
0.003632285003550351
0.0036280440050177275
0.003557879792060703
0.003557157004252076
0.0035662792040966453
0.003561371797695756
0.0035532445996068417
0.003539500804618001
0.0035495477961376308
0.0035468111978843807
0.003554869000799954
0.0035574142006225885
0.0035525440005585553
0.003553250804543495
0.003553833800833672
0.0035411090007983147
0.003551185003016144
0.0035469922004267573
0.003552682802546769
0.0035492785973474383
0.00355146499350667
0.00355785780120641
0.0035355348023585974
0.003555215196684003
0.0035436223959550263
0.003543828590773046
0.0035445848014205696
0.0035452557960525153
0.0035485859960317613
0.0035416124039329587
0.00355045119067654
0.0035434601944871248
0.003535590204410255
0.003545488207601011
0.0035521782003343104
0.0035388111951760947
0.0035300370072945952
0.003549100796226412
0.0035409800009801986
0.003546887601260096
0.003547198593150824
0.0035365734016522764
0.0035318132024258373
0.003533702390268445
0.0035432584001682697
0.0035387295996770264
0.003544651798438281
0.0035391291952691973
0.0035492297960445286
0.003545645799022168
0.00354575680103153
0.0035494711948558686
0.0035637727938592433
0.0035522853955626487
0.003555088397115469
0.0035426662070676684
0.003552672208752483
0.003551453200634569
0.00354957579402253
0.003550433402415365
0.0035586128011345862
0.0035474825999699533
0.003551926591899246
0.0035512795904651282
0.0035506348009221255
0.0035487869987264275
0.0035541777964681388
0.0035483642015606163
0.0035538585972972212
0.003556941996794194
0.0035611739964224397
0.003553996596019715
0.0035575469955801964
0.003555446595419198
0.0035551068023778496
0.0035502991988323627
0.0035491495975293217
0.0035549678024835883
0.0035551305976696313
0.0035520245903171597
0.0035601019975729288
0.0035538923926651477
0.0035501198028214274
0.0035514974035322664
0.0035565671976655723
0.0035538986092433335
0.003555239597335458
0.0035535788047127426
0.003552027198020369
0.003536419803276658
0.003559120197314769
0.0035562057979404925
0.003543748997617513
0.003548530803527683
0.0035548420040868224
0.003545206191483885
0.003551269602030516
0.00354724699864164
0.003545451001264155
0.0035610795952379704
0.003566277597565204
0.0035747352056205274
0.003572349005844444
0.0035622754017822444
0.003570308198686689
0.003552952199243009
0.0035550062078982592
0.0035555811948142944
0.0035544921993277967
0.00354753159917891
0.003560372197534889
0.0035389074007980527
0.0035545279970392585
0.0035515479976311326
0.003554045397322625
0.00355166100198403
0.0035644092014990745
0.003548634808976203
0.0035554167930968105
0.0035526553983800113
0.0035602433956228195
0.003548574389424175
0.003555909206625074
0.003552529006265104
0.0035581558011472227
0.003558134997729212
0.00355454059317708
0.0035527899977751075
0.003552801196929067
0.0035470889997668564
0.003563704201951623
0.0035530272056348623
0.003559009393211454
0.003553373191971332
0.0035567048005759718
0.003547453600913286
0.0035549231921322643
0.0035563429933972656
0.0035552154062315823
0.003553191397804767
0.003559887805022299
0.003548872598912567
0.0035640135989524423
0.0035555106005631387
0.0035580395953729747
0.0035530540044419467
0.0035481149912811815
0.003558652789797634
0.003566695807967335
0.003553669201210141
0.003561629995238036
0.0035548742045648394
0.003567284601740539
0.0035522258025594057
0.003558541601523757
0.0035519166034646333
0.0035625366028398274
0.0035656535997986793
0.003554567589890212
0.003553097404073924
0.003555650799535215
0.0035633040009997786
0.0035647185984998943
0.003562537592370063
0.003562473994679749
0.0035560128046199678
0.0035610393970273435
0.003556325600948185
0.003562525589950383
0.0035555843962356446
0.0035632809973321854
0.0035607996047474443
0.0035600180039182306
0.003558805398643017
0.0035637870081700385
0.003552428400143981
0.0035627558012492956
0.0035606914083473385
0.0035448392038233576
0.0035445229965262114
0.003560552594717592
0.0035575730027630923
0.003555672196671367
0.0035609657992608846
0.003561975189950317
0.003558234602678567
0.0035347466007806362
0.0035599063965491952
0.0035585982026532293
0.0035619620000943543
0.0035547407926060258
0.003550871997140348
0.0035626722034066915
0.0035541036049835384
0.003566772397607565
0.003549060004297644
0.00356053919531405
0.0035549704101867975
0.0035668573924340307
0.003560456202831119
0.003569230204448104
0.003558814199641347
0.0035427169990725816
0.00355491959489882
0.0035577431903220714
0.003563957195729017
0.00355924719478935
0.003556384996045381
0.0035687132040038705
0.0035519905970431863
0.00355759859085083
0.0035415934049524366
0.0035566659993492068
0.003550135204568505
0.0035371575970202683
0.0035351391998119652
0.0035502786049619317
0.003559900796972215
0.0035585090052336456
0.0035546420025639237
0.003561254602391273
0.0035582295968197286
0.0035396691993810235
0.0035589349921792746
0.0035632934072054923
0.0035541918012313546
0.0035489712026901543
0.0035570650012232362
0.003555570601020008
0.0035541107994504274
0.003565670794341713
0.003554276400245726
0.003553482599090785
0.0035603974014520646
0.0035831974004395307
0.0037314341985620557
0.0036374290008097886
0.0037186193978413938
0.0035610420047305523
0.0035437345970422028
0.0035425007925368847
0.003534687194041908
0.0035612804000265895
0.003553048998583108
0.003555942396633327
0.0035609390004538
0.0035590340034104885
0.003532941802404821
0.0035548163927160204
0.0035416441969573498
0.003556325403042138
0.0035575264017097654
0.0035533390007913114
0.003547817200887948
0.0035609308048151433
0.00355430020717904
0.00355530739761889
0.003558043797966093
0.0035588177968747916
0.00355395779479295
0.003557706600986421
0.0035634323954582213
0.0035549653926864266
0.003555216791573912
0.003556407196447253
0.0035498787998221814
0.003553376195486635
0.0035603993921540676
0.003557094803545624
0.0035531619912944736
0.00355222939979285
0.0035549675929360093
0.003553892800118774
0.0035497362026944757
0.003548766195308417
0.003545805998146534
0.003555221005808562
0.0035441165906377136
0.003548742993734777
0.0035464872024022044
0.0035566214006394147
0.0035452759941108523
0.003550616395659745
0.0035437722108326852
0.0035532208043150605
0.0035501023987308143
0.0035508299944922326
0.0035561077995225785
0.0035612612031400205
0.003557537798769772
0.0035511757945641876
0.00355259160278365
0.003554369998164475
0.0035535124014131727
0.0035517136100679638
0.003556426800787449
0.0035617755958810447
0.003552630206104368
0.0035650326055474578
0.0035726406029425563
0.003557126596570015
0.003557633003219962
0.0035538817988708614
0.003548737603705376
0.003565139998681843
0.0035508294007740916
0.0035572874010540547
0.0035522051970474423
0.0035539038013666867
0.003555932198651135
0.003558884805534035
0.003556451795157045
0.0035528299980796874
0.0035355980042368175
0.003547278803307563
0.0035535064060240986
0.0035539607983082534
0.003549640206620097
0.0035636576008982956
0.0035383467911742628
0.0035515984054654837
0.0035510716028511525
0.0035667438060045242
0.003551965404767543
0.0035520905978046356
0.0035602209973149
0.0035616061999462546
0.0035460529965348543
0.0035582536016590892
0.0035600941977463663
0.003557008597999811
0.0035491619957610963
0.003559332794975489
0.0035555088077671828
0.0035591137944720685
0.0035552363959141077
0.0035534044029191135
0.0035608475911431013
0.0035438823979347944
0.0035482891951687636
0.0035629853955470026
0.003553442796692252
0.003563111391849816
0.003561824397183955
0.003553568199276924
0.0035533549962565303
0.0035576525959186258
0.0035568189923651516
0.0035651094047352673
0.0035559374024160205
0.003563403803855181
0.003553126601036638
0.0035606154007837175
0.0035583385964855553
0.0035581832053139806
0.003551584389060736
0.003564849402755499
0.0035550267901271583
0.0035530930035747588
0.003545681003015488
0.0035600236034952102
0.0035508636035956444
0.0039821254089474675
0.0035528758075088263
0.003565732401330024
0.0035593419917859135
0.0035606247955001892
0.0035549042047932746
0.0035597092006355523
0.0035597080015577374
0.003562406194396317
0.0035658127977512776
0.0035598788061179222
0.0035532456007786096
0.0035666962037794294
0.003555838204920292
0.003562045795843005
0.003562684601638466
0.003568989399354905
0.003553475602529943
0.0035657059983350337
0.0035492669907398523
0.0035576520022004843
0.0035550686065107585
0.003565783996600658
0.0035541314049623907
0.0035604390082880854
0.0035711427917703986
0.003584469994530082
0.003571340802591294
0.0035556672024540602
0.003604393999557942
0.0035930493962951005
0.003583587403409183
0.0035681247944012286
0.0035810295958071947
0.0035895847948268058
0.0035816970048472285
0.0035895458073355257
0.003578276594635099
0.0035910808015614747
0.0035774162039160728
0.0035893497988581657
0.003601520205847919
0.003568104200530797
0.003574574796948582
0.0035731122014112772
0.0035870578023605047
0.0035811417968943716
0.0035813649999909105
0.003579457802698016
0.0035735420067794623
0.003587802604306489
0.003576002991758287
0.0035848315921612082
0.003588235401548445
0.003583407390397042
0.003562833007890731
0.003575149993412197
0.0035804637940600515
0.0035978500032797455
0.00355793999042362
0.0035745808039791883
0.003573881194461137
0.0035745385917834937
0.00357778100296855
0.0035789940040558575
0.0035792979993857442
0.0035856147995218636
0.003573800600133836
0.0035892110085114838
0.0035787834087386726
0.0035870605963282285
0.003577465401031077
0.0035738199949264526
0.0035770196001976727
0.0035719685954973103
0.0035827400046400727
0.0035950343939475716
0.003590932989027351
0.0035920380032621324
0.0035847304039634763
0.0035946978023275733
0.0035810344037599862
0.00358703340170905
0.003587234404403716
0.00359187179710716
0.0035909567959606647
0.003555026196409017
0.0035497086006216704
0.00354620780562982
0.0035418020095676185
0.003550716198515147
0.0035489659989252687
0.00355620700865984
0.0035551351960748435
0.0035560352029278875
0.0035531723988242447
0.003563138598110527
0.00355208539403975
0.0035502350074239075
0.0035464975982904432
0.0035489455913193524
0.003554820001590997
0.003557860595174134
0.003547757596243173
0.003551930200774223
0.0035501157981343567
0.0035572962020523845
0.00354928239248693
0.0035354898078367113
0.00354753959691152
0.0035494462004862725
0.0035457715974189343
0.003562951798085123
0.0035448182024993002
0.003540270193479955
0.0035479635931551456
0.003558146790601313
0.003542179602663964
0.0035521390032954513
0.003538732207380235
0.0035575964022427796
0.0035506997955963016
0.003552500996738672
0.0035484076011925935
0.0035510374000295997
0.0035478416015394033
0.0035535339964553716
0.003553863405250013
0.0035568588064052165
0.0035545102087780832
0.003556799597572535
0.0035523714032024145
0.003550675802398473
0.003549441194627434
0.003553307196125388
0.003546697599813342
0.0035587400081567465
0.0035494695999659597
0.0035541112069040538
0.003551725798752159
0.0035534134018234908
0.0035571492044255137
0.0035576166003011165
0.0035425094072707
0.0035490666050463915
0.003550430794712156
0.0035613927990198135
0.0035301355994306503
0.0035565564059652386
0.003562046599108726
0.0035511982045136393
0.003554906800854951
0.003556134400423616
0.0035410237964242698
0.003560262208338827
0.003557784797158092
0.0035553016001358627
0.0035552305984310807
0.003543533198535442
0.003560423804447055
0.0035543884034268556
0.0035535065922886132
0.00356340300058946
0.0035547890001907945
0.003565302409697324
0.003554941201582551
0.00354767800308764
0.003550798795185983
0.0035588800092227757
0.0035504871979355813
0.0035546249942854046
0.0036046466091647746
0.0036103423917666078
0.0035923713934607805
0.0036010926007293163
0.0035923355957493187
0.0036068429937586187
0.0036001516040414573
0.0036015762016177177
0.003598599799443036
0.0036043487954884766
0.0036026533925905824
0.003603936801664531
0.003594433597754687
0.003564806596841663
0.003556360804941505
0.003555068001151085
0.0035568226012401283
0.0035468554007820783
0.003552888799458742
0.0035398478037677707
0.0035485938074998557
0.003552898799534887
0.0035543990088626742
0.0035543258069083094
0.003556295996531844
0.003553063399158418
0.0035508901928551495
0.0035486020031385125
0.0035518656019121408
0.0035301625961437822
0.0035488071967847644
0.003553065599408001
0.0035571357933804394
0.0035624256008304654
0.003546010598074645
0.003561230201739818
0.0035368899931199848
0.0035515784053131937
0.003546067792922258
0.0035550756030716
0.0035482550039887427
0.0035567175946198404
0.003520989406388253
0.003545999201014638
0.003555163193959743
0.003549224208109081
0.0035447694011963905
0.0035549877909943463
0.003552097000647336
0.003550284600351006
0.003545143606606871
0.0035595825989730655
0.0035555102047510447
0.0035659562097862365
0.0035596012021414936
0.0035483133979141712
0.0035488329944200815
0.0035575813963077962
0.0035453035961836576
0.0035496611963026226
0.003542812797240913
0.0035505374078638853
0.0035494562005624177
0.003874089801684022
0.0035472574061714114
0.0035497355973348023
0.0035465365974232553
0.003552464197855443
0.0035446433932520447
0.003546755400020629
0.003543660405557603
0.003550669993273914
0.003558294801041484
0.003567766794003546
0.003562274994328618
0.00356999080395326
0.0035576149937696757
0.0035794746014289557
0.0035559138050302863
0.0035476593999192118
0.0035400370019488037
0.003550244402140379
0.00352919059805572
0.0035340860020369293
0.003548934997525066
0.003559072606731206
0.0035398480016738177
0.003547557001002133
0.003546322206966579
0.003541804407723248
0.003535510995425284
0.003551345004234463
0.003542220196686685
0.0035459381993860005
0.0035482765990309416
0.003549562208354473
0.0035355890053324402
0.0035508553963154556
0.0035450643976219
0.0035501572070643305
0.0035454866010695696
0.0035470711998641493
0.003538219607435167
0.0035486391978338363
0.0035447139991447328
0.003550125809852034
0.003541077801492065
0.0035498547949828207
0.003883298800792545
0.0035468899994157256
0.003549912199378014
0.0035470662056468426
0.0035444059991277753
0.0035463822074234485
0.003545328800100833
0.0035423202090896664
0.0035377703956328333
0.0035330265993252395
0.0035416904021985827
0.003553517197724432
0.003549066197592765
0.003552685596514493
0.0035497908014804126
0.003556312993168831
0.003537410404533148
0.003542889200616628
0.0035159296006895603
0.0035331145976670087
0.0035371855949051676
0.0035440225969068707
0.003546446596737951
0.0035553014022298157
0.003539569198619574
0.0035401520086452364
0.0035466350032947957
0.0035479602054692807
0.0035486176027916374
0.003553255996666849
0.00355073360260576
0.003545096202287823
0.0035572831984609365
0.0035478664096444843
0.0035457695950753985
0.003541621402837336
0.003534111403860152
0.0035457068006508052
0.0035317223984748123
0.0035481304046697916
0.0035398415988311172
0.003541061596479267
0.0035429765935987233
0.0035392967984080315
0.003543180599808693
0.003540231799706817
0.0035427161958068608
0.0035449312068521976
0.003542415203992277
0.0035952448030002414
0.003587446000892669
0.0036061730002984404
0.0036003632005304096
0.0035948039963841437
0.0035894077969715
0.003603959397878498
0.0035959200002253057
0.003599742194637656
0.0035997275961562993
0.00360086839646101
0.003593936003744602
0.003598035592585802
0.0035913859959691764
0.0035930376034229994
0.0036006394075229764
0.0035960610024631024
0.0035999636049382387
0.003596190398093313
0.0035918393987230957
0.0036010461975820363
0.00359088679542765
0.003599756199400872
0.0036032179952599106
0.003590962395537645
0.0035977586056105794
0.0036030267947353423
0.0035934649989940227
0.0035882677999325096
0.0035898388014174998
0.003590885398443788
0.003585260594263673
0.003596506593748927
0.0035889960010536013
0.0036009715986438096
0.0035863146069459615
0.0035921170026995243
0.0035818453994579612
0.003600560803897679
0.0035977993975393474
0.003588406997732818
0.003583496005740017
0.00359704700531438
0.003584025800228119
0.0035961925983428954
0.0035994241945445536
0.003591310593765229
0.0036004950059577824
0.0035964995971880854
0.0035965590039268138
0.0036045803921297193
0.0035973291960544884
0.0035931981983594596
0.0035987245966680346
0.00360663280589506
0.0035910180071368814
0.0035999345942400395
0.0035903534037061034
0.0035945278010331093
0.003583323792554438
0.0035951568046584726
0.003581181401386857
0.0035989533993415535
0.0035929890000261366
0.0035897924099117517
0.0035958781954832375
0.003620095597580075
0.0036096679978072643
0.003614337998442352
0.0036184243974275885
0.0036167029989883303
0.0036097100004553796
0.0035992890014313163
0.0035973654012195766
0.0036048603942617774
0.0037488547968678176
0.003600228193681687
0.003600073594134301
0.0036044972017407416
0.003603375400416553
0.00360647679772228
0.0035984691930934787
0.0035913815954700112
0.0036009927978739144
0.0035972227924503386
0.003600516403093934
0.0035939994035288692
0.0035954904044046996
0.0035842139972373844
0.003589533397462219
0.003926468198187649
0.003591045003850013
0.0036001548054628075
0.0035879720002412797
0.003595683607272804
0.0035850855987519027
0.003591970005072653
0.003589681594166905
0.003601761593017727
0.003595625190064311
0.0035973320016637446
0.003591460594907403
0.0035917792003601788
0.003593697992619127
0.003598825796507299
0.0035891103907488286
0.003597626998089254
0.0035890941973775623
0.0035969070042483507
0.0035954240011051297
0.003603332198690623
0.003602016798686236
0.0035945773939602076
0.0036044994019903244
0.00359943580115214
0.003593771602027118
0.0036017908016219733
0.00359853720292449
0.003594903997145593
0.003594934206921607
0.003610886796377599
0.003576996398624033
0.003601474792230874
0.0035908001940697432
0.0035920105990953745
0.003590443206485361
0.0035918963956646623
0.003576462995260954
0.003604453196749091
0.0035898525966331363
0.003607204800937325
0.0035917247994802894
0.0036059206002391877
0.0035947285941801965
0.0035968662006780503
0.003599743393715471
0.0035877924063242974
0.0036066987900994717
0.0035956108011305334
0.0035444800043478606
0.003544520598370582
0.0035402433946728705
0.003534520196262747
0.0035334469983354213
0.0035337859997525813
0.0035306114004924893
0.0035302817937918007
0.0035314109991304576
0.003534077201038599
0.0035351166035979984
0.0035316425957717
0.0035268542007543145
0.003539474599529058
0.003544104809407145
0.003534166608005762
0.0035371841979213057
0.0035402963985688984
0.00353010599501431
0.0035412483965046706
0.003521934396121651
0.003541536198463291
0.0035812923917546867
0.003590336802881211
0.003577153605874628
0.003591104398947209
0.003640721598640084
0.0036159630049951374
0.0036122160032391547
0.003624735202174634
0.003618586005177349
0.0036244878079742192
0.0036171605926938353
0.003629739792086184
0.003611294401343912
0.003630697005428374
0.0036154984030872584
0.0036317126010544597
0.0036200177972204985
0.003621663595549762
0.003622098790947348
0.003619101992808282
0.003602253005374223
0.0036235926090739667
0.0036156902089715002
0.0036251359968446197
0.003625756804831326
0.0036200104048475625
0.0036067150067538023
0.00361401520203799
0.003611740202177316
0.0036126672057434916
0.0036133693996816874
0.0036259811953641475
0.0036120051983743904
0.003621528996154666
0.0036104083992540836
0.003609786008019
0.003612100798636675
0.003620868001598865
0.003617286798544228
0.0036153399967588486
0.0036130468011833726
0.0036249403958208857
0.003681372001301497
0.0036233532009646297
0.003609548194799572
0.003605180000886321
0.0036021932028234005
0.003622939402703196
0.0036087638000026345
0.003609831805806607
0.0036093423957936467
0.0036335017997771502
0.003569648403208703
0.0035656581982038914
0.0035627888049930335
0.0035724234068766235
0.0035683901980519293
0.0035706200054846705
0.0035599979921244083
0.0035699837957508863
0.0035567197948694227
0.003572908800560981
0.0035744916065596046
0.0035706012044101954
0.003552628995385021
0.003563858999405056
0.003571268799714744
0.0035730623989365996
0.003557496005669236
0.0035695453989319503
0.0035633785999380054
0.003571116190869361
0.0035586337908171117
0.003566032194066793
0.003561317198909819
0.0035728933988139035
0.003566510009113699
0.0035629651974886656
0.003626216994598508
0.0035758676007390023
0.003548918408341706
0.0035638100001960994
0.003566047397907823
0.0035582321928814054
0.003623326402157545
0.0036226421943865716
0.003622069803532213
