average_runtime 0.0021885150874266404
0.002193909449852072
0.0021895234996918587
0.0021856833511264993
0.0021802902017952876
0.0025248204998206346
0.0021952915005385874
0.0021799303998705
0.0021839769498910753
0.002179238499957137
0.0022609973006183282
0.0021815828484250234
0.002172137249726802
0.0021805818483699112
0.0021901981002883987
0.0021791050501633437
0.0021752770990133286
0.002184729150030762
0.002179444150533527
0.0021886150498175994
0.0021781905990792437
0.002179459002218209
0.002182033800636418
0.002175169499241747
0.002257776400074363
0.0021822577487910166
0.0021704412502003834
0.0021774312015622856
0.0021745170990470795
0.002177350252168253
0.002180498599773273
0.002174674251000397
0.002178535648272373
0.002188229150488041
0.0023802725510904564
0.002267424899036996
0.0021947645000182092
0.0021763863012893127
0.0021746323007391767
0.0021808576973853635
0.0021802546485560014
0.002182299649575725
0.0021771347994217647
0.0021769546990981327
0.0021743858989793806
0.0021820478490553797
0.002184738850337453
0.0021767496509710327
0.0021802994509926067
0.002180629997747019
0.002177802301594056
0.002179316949332133
0.0022624602483119816
0.002176234297803603
0.002190678397892043
0.0021792376006487756
0.002181573151028715
0.002180923250853084
0.0021750610991148277
0.0021901706990320236
0.002177875448251143
0.0021766203513834625
0.0021859272004803643
0.0021765808516647665
0.0021740779018728064
0.00217784715059679
0.0021725917496951295
0.002176056950702332
0.0022817118995590137
0.0021715295995818453
0.002173999202204868
0.0021789460501167924
0.0021763363474747166
0.0022564073005924
0.0021849343000212686
0.0021738349489169194
0.0021723732526879756
0.0021815557993249968
0.0021738404000643642
0.0021847506519407033
0.002180360700003803
0.002253434300655499
0.0021751219988800584
0.002179977999185212
0.0021783526492072268
0.0021744172001490368
0.002184796251822263
0.002177405901602469
0.0021718858508393167
0.0021795974491396917
0.0021783158503239975
0.002190976802376099
0.0022566412517335266
0.0021839716006070375
0.0021768518490716815
0.002189885449479334
0.002172658950439654
0.002176803900511004
0.0021808805002365263
0.002187606249935925
0.0021762715507065876
0.0021774664492113516
0.00217556600109674
0.0021735305985203014
0.002176720948773436
0.002180175800458528
0.002178259749780409
0.0021763953496702015
0.002174971599015407
0.002185877502779476
0.002177281602052972
0.0022642131487373264
0.0021851431985851376
0.0021777513524284587
0.0021781727002235128
0.0021748755010776223
0.002259315349510871
0.002179734600940719
0.0021790298982523383
0.0021856346487766133
0.0021788671001559123
0.0021798522997414694
0.0021754856017651035
0.0022431203484302386
0.0022586458013392984
0.0021790892496937886
0.002183496850193478
0.0021878011524677277
0.0021808748977491634
0.0021826167008839547
0.002182619401719421
0.002179762549349107
0.002177490299800411
0.0021828999975696205
0.002175209199776873
0.0021879495499888433
0.002179135498590767
0.00217626060184557
0.0021834273997228594
0.002183711199904792
0.0021797011519083752
0.0021862249996047467
0.002178632898721844
0.0021804331481689587
0.0021777148998808117
0.002178358699893579
0.0021787430508993567
0.002256596548249945
0.0021748060506070034
0.002184510801453143
0.002316899548168294
0.00218352550000418
0.00219116855005268
0.002183585750753991
0.0021798443514853714
0.0021809814003063365
0.0021762248972663654
0.0021786794473882764
0.002193494749371894
0.002177468698937446
0.0021746732498286294
0.0021819051005877556
0.0021769043494714426
0.0021770114020910115
0.0022612684493651613
0.0021792039508000014
0.002174468949669972
0.002174634599941783
0.0021679217024939135
0.0021712715504691006
0.0021668186993338166
0.0021678900520782918
0.002173007800593041
0.002166003599995747
0.0021661451493855564
0.0021694065508199856
0.002166865300387144
0.0022062306001316757
0.002166502198087983
0.0021739636489655823
0.0021625656518153846
0.002165507149766199
0.0021684462495613842
0.002171482448466122
0.0021653902513207868
0.002168421249371022
0.002163489951635711
0.0022459986998001114
0.0022499113518279048
0.0022490399511298164
0.0021670911490218716
0.002177883600234054
0.0021685479499865324
0.0022505989007186146
0.0021639462996972726
0.00216687599895522
0.002163280648528598
0.0021654095995472743
0.0025443601014558228
0.0021731978980824352
0.0022513126517878846
0.002183077100198716
0.002166660150396638
0.002166784499422647
0.0022861337987706066
0.0021719124488299713
0.002165949300979264
0.0021703444013837724
0.0021746536483988168
0.0021695470495615155
0.002168942498974502
0.002169927951763384
0.002168552699731663
0.0021755273017333822
0.0021739823976531627
0.0021675369993317873
0.0021692415524739773
0.00224524095247034
0.0021673708979506046
0.0021645346481818707
0.0021653173491358755
0.0021722003497416154
0.002176343998871744
0.0021753687004093082
0.0021799428504891694
0.0021696702984627335
0.0021684306993847713
0.0022507257002871484
0.002166339597897604
0.0021631508483551443
0.002164365298813209
0.0021659505990101026
0.0022570634522708134
0.002165449652238749
0.002168358801282011
0.0021675247990060598
0.002172514551784843
0.0021667892520781606
0.0021667611494194717
0.0021705396502511576
0.0021619772480335085
0.002170063549419865
0.0021733493980718777
0.002250931551679969
0.0021635151002556085
0.0021705352002754806
0.0021649225003784523
0.0021716185001423582
0.002166158251930028
0.002172244052053429
0.0021646470500854774
