average_runtime 0.0005629221239360049
0.0005694755498552694
0.0005621574498945847
0.0005626894009765238
0.0005591956491116434
0.0005597569484962151
0.0005685501993866638
0.0005643203505314887
0.0005607077502645553
0.0005595757480477914
0.000560156349092722
0.0005605913494946436
0.0005619496485451236
0.0005623846518574283
0.0005596433475147933
0.0005597067007329315
0.0005600657488685102
0.0005612572014797479
0.0007307107996894046
0.0005622608994599431
0.0005613262008409947
0.0005612745007965714
0.000560573601978831
0.0005605240003205836
0.0005639492010232061
0.0005620531504973769
0.0005612522480078041
0.0005607230996247381
0.0005607482511550188
0.0005619071482215077
0.000591654347954318
0.000561713200295344
0.0005603830504696816
0.0005627893493510783
0.0005623809003736824
0.0005614324996713549
0.000562520552193746
0.0005604623002000153
0.0005623880511848256
0.000662119299522601
0.0005592364992480725
0.0005617066490231082
0.0005601947515970096
0.0005595575988991186
0.0005598274496151134
0.0005625026009511202
0.0005589463020442053
0.0005603557016002014
0.0005594334012130276
0.000561183100217022
0.0005588956992141902
0.0005609131010714918
0.0005590501998085529
0.000561357699916698
0.0005600928503554315
0.0006635703000938519
0.000560918849078007
0.0005615571513772011
0.0005598727497272193
0.0005600754986517132
0.0005603569006780162
0.0005644312506774441
0.0005610615509795025
0.0005624101497232914
0.0005628252489259467
0.0005620978510705755
0.0005632618005620316
0.0005594531976385042
0.0005606589984381571
0.0005597736511845141
0.0005598271498456597
0.0005597843497525901
0.0005570707988226786
0.0005603791505564004
0.000559549150057137
0.0005588380503468215
0.0005635193490888923
0.0005578528478508815
0.0005589184496784583
0.0005604821490123868
0.0005603211524430662
0.0005595953000010923
0.0005584919010289014
0.0005615394009510055
0.000559331351541914
0.0005605048994766548
0.0005587963009020313
0.000558380299480632
0.0005617861519567668
0.0005589536507613957
0.000558397700660862
0.0005588170984992758
0.0005575860501267016
0.0005595448485109956
0.0005581839504884556
0.0005613777495454997
0.0005592904519289732
0.0005586961982771754
0.0005576769995968789
0.0005568089487496764
0.0005586801504250616
0.0005588714499026537
0.0005571417510509491
0.0005589884502114728
0.0005613762506982312
0.000560000300174579
0.0005626868514809757
0.0005622089985990897
0.000558738352265209
0.0005593774490989745
0.0005594731512246654
0.0005596368515398354
0.0005594791495241225
0.0005601462005870416
0.0005599334486760199
0.0005610357999103144
0.000560797649086453
0.0005603864992735907
0.000557947249035351
0.0005581185017945245
0.0005589148495346308
0.0005598599498625844
0.0005587125517195091
0.0005591756489593536
0.0005601317505352199
0.0005614432477159426
0.0005598293006187305
0.0005619754985673354
0.0005586811021203175
0.0005595067021204158
0.0005611685512121767
0.0005612033011857421
0.0005584355996688828
0.0005621631484245881
0.0005590970016783103
0.0005608896492049098
0.0005560901510762051
0.0005579674994805828
0.0005593766982201487
0.0005601712997304276
0.0005567184998653829
0.0005588480998994783
0.0005594398477114737
0.0005616103502688929
0.0005584491998888552
0.0005575008515734225
0.00056112690072041
0.0005582604993833229
0.0005581186502240598
0.0005596913484623656
0.0005598125484539196
0.0005600399017566815
0.0005563853483181447
0.0005598376010311767
0.0005604447505902499
0.0005603157478617504
0.0005609769024886191
0.0005896957474760712
0.0005624412500765174
0.0005593350506387651
0.0005601448501693085
0.0005482387001393363
