average_runtime 0.008166145090793726
0.007839524000883103
0.008347864204552025
0.007803151197731495
0.008048218197654933
0.00812081660842523
0.00785745499888435
0.00840347099583596
0.008301190205384047
0.007870728394482284
0.00744159419555217
0.00809019700391218
0.008010483009275048
0.0070830345968715845
0.007906659401487558
0.008198267791885882
0.007663965807296336
0.00806450080126524
0.008032528194598853
0.008121184597257525
0.00830999060999602
0.00813120580278337
0.008422638394404203
0.008203527994919569
0.008217706391587854
0.007727926201187074
0.007971396599896253
0.007616418797988444
0.008646260004024953
0.008143174403812736
0.007862679800018669
0.008192115207202732
0.008307058399077505
0.007887448009569198
0.008191585401073098
0.007943051995243876
0.007880488806404174
0.008316253195516765
0.008451003197114915
0.008341877802740783
0.008913228393066675
0.01034925520652905
0.007989204209297895
0.007743577798828482
0.008129760401789098
0.007855739002116025
0.008183271996676922
0.007677748391870409
0.007882087398320437
0.008307762595359236
0.007750196196138859
0.008377884200308472
0.0074529721983708445
0.008062950801104307
0.00819974261103198
0.008195654000155627
0.007734353200066835
0.00811726920073852
0.0079138625995256
0.008009798196144401
0.007879001193214209
0.007947623007930815
0.007825886399950832
0.00805531699443236
0.007723869604524225
0.007578650407958775
0.008136723202187567
0.00804261580342427
0.00814392560860142
0.00773429119726643
0.007171456003561616
0.008177089795935899
0.008082125999499113
0.008390636800322681
0.007849095400888472
0.008566412795335054
0.007800804392900318
0.008122291206382215
0.007984533009584993
0.008192021201830357
0.00802436760859564
0.00815338920801878
0.007968259393237531
0.007823749398812651
0.0077674536034464834
0.007573579798918218
0.008083918201737105
0.008421433193143457
0.008057362004183232
0.007953313202597201
0.008011797803919762
0.007692402601242066
0.007823620608542114
0.008003498800098896
0.008001925994176418
0.008456919400487095
0.008464827202260494
0.008734328206628561
0.008101837197318672
0.007607304397970438
0.008227190200705082
0.008211464993655682
0.007717280997894704
0.007745572400745004
0.008058275596704334
0.007207267999183387
0.008089278603438287
0.00817590020596981
0.007693252596072853
0.007613609195686877
0.007707451796159148
0.007751991599798202
0.00836590100079775
0.007665700803045183
0.007797208393458277
0.008080048603005707
0.00798841220093891
0.008212083799298853
0.008047312602866442
0.0083024529973045
0.00819452420109883
0.008022606396116317
0.008071617200039327
0.007820507406722754
0.00788142039673403
0.008397608401719481
0.008014802401885391
0.007837258803192526
0.007983865996357054
0.008089713600929827
0.007809279800858349
0.008293289400171489
0.007695446803700179
0.007676371606066823
0.007961760205216706
0.008676085993647576
0.007902621198445559
0.007976911601144821
0.00833055340917781
0.00770180479157716
0.008972846192773432
0.008443289808928967
0.007671037397813052
0.00816230640048161
0.007720790803432465
0.007684142596554011
0.007799549598712474
0.007847915997263043
0.007690021209418774
0.008303100802004337
0.008199141593649983
0.008046764601022004
0.007583392201922834
0.007880205602850765
0.007708346599247307
0.007542977598495782
0.008130288403481244
0.008175081200897693
0.0077157631982117895
0.008257610409054905
0.008067894401028753
0.0072708965977653865
0.007940836995840073
0.007429065997712314
0.00814316199393943
0.007719378406181932
0.007988674601074308
0.007805439189542085
0.008503569208551198
0.00792604339076206
0.00811586519703269
0.007794874801766128
0.008039360004477202
0.008216929202899338
0.007568957807961851
0.007901767594739794
0.00758385140215978
0.007697845995426178
0.008322986192069948
0.009028442203998566
0.008260217192582787
0.008343111397698522
0.0084758011973463
0.0080565353971906
0.00851730180438608
0.008313090400770306
0.008360996597912163
0.00808268819237128
0.00800480500329286
0.00823795460164547
0.008762983197811991
0.00892335498938337
0.007946366199757905
0.008340516197495162
0.007876038993708789
0.008101315994281322
0.007709254394285381
0.008000887790694832
0.00848828700836748
0.008223149797413499
0.0080530034028925
0.007843125599902124
0.00803259339882061
0.00825350939994678
0.008445312594994902
0.008948904799763114
0.008357863605488092
0.008443080808501691
0.00856342479819432
0.007941965595819056
0.007975369202904403
0.008091540809255093
0.008592712599784136
0.009207766596227884
0.008436580200213938
0.008388524001929909
0.00792597639374435
0.008430707396473735
0.008676921797450632
0.007993959402665497
0.00828468359541148
0.008607763401232659
0.008665588195435702
0.00786083280108869
0.009040787001140416
0.008698837598785758
0.009321554598864168
0.008524937997572124
0.008759918599389493
0.007855252793524415
0.008398128405679018
0.008776626596227289
0.008068172202911228
0.008780319592915475
0.008054021000862121
0.008525929192546754
0.008666978392284364
0.0087375030037947
0.008510033402126282
0.008225996803957969
0.008497033803723752
0.007798357005231083
0.007564755994826556
0.008368326991330832
0.008961847994942217
0.008067168400157244
0.008059878798667342
0.008608362602535636
0.008578910201322287
0.007172274007461965
0.008186424593441188
0.008019497396890073
0.0078249285928905
0.007365434395615012
0.007991598604712635
0.008293967205099761
0.008132954000029714
0.0076532586012035605
0.007182562199886888
0.0077482160064391795
0.008092520199716092
0.008425936801359057
0.00810303259640932
0.007934317598119378
0.008382152195554226
0.007847079599741846
0.008772360195871442
0.008004576992243528
0.008101472200360149
0.007941155007574707
0.008510817599017173
0.008262217591982335
0.008357558795250953
0.007804468006361276
0.007440275803674012
0.008086366194766015
0.008767032995820045
0.007975260203238577
0.007291803800035268
0.007665770198218525
0.008308312599547207
0.007999604206997902
0.008088730997405947
0.007739495998248458
0.007849581202026456
0.007344731804914772
0.00816202040296048
0.008739786990918218
0.008193081000354142
0.00874788420042023
0.008458619203884155
0.008588606398552657
0.008630602399352937
0.00790621320484206
0.008580885792616755
0.008344513201154768
0.008081735798623414
0.008061366202309728
0.008107839000876993
0.007950788200832903
0.00850882160011679
0.008938392403069883
0.007391512405592948
0.008388973399996757
0.007524698798079044
0.008363112201914191
0.00806970860576257
0.008420586003921926
0.00827079899609089
0.008603429794311524
0.007286912191193551
0.007876627799123525
0.0075865001999773085
0.0080805359990336
0.008211828593630344
0.008262939797714353
0.008182591793593019
0.008431252196896822
0.00844069019658491
0.008319794002454728
0.008507428807206452
0.00862306859344244
0.008371785201597958
0.00850784860085696
0.00852209139848128
0.008878278196789324
0.00851212020497769
0.007991238194517792
0.008580207999330014
0.008519596606492996
0.007977162406314164
0.008614907402079552
0.00847427420085296
0.007822467794176191
0.0077901635901071135
0.008640238596126438
0.007967083202674984
0.007666478597093374
0.007859010598622262
0.008253549598157406
0.00821153619326651
0.00820578980492428
0.008330314792692662
0.0084318264038302
0.00820519080152735
0.008501633594278246
0.008552094199694693
0.008691090799402446
0.007762812392320484
0.008461590798106045
0.00809169360436499
0.008508676011115313
0.008082835795357823
0.00866647339425981
0.00778256959747523
0.008431135804858058
0.008083854999858886
0.008463889791164548
0.008325235801748931
0.007831787795294077
0.008208156400360166
0.008134274801705033
0.008289257402066142
0.008322656597010791
0.007926488190423697
0.009640193998347969
0.008650066598784178
0.008013418794143945
0.008691139996517449
0.008715915598440916
0.008301287202630191
0.008535530604422092
0.007964138593524694
0.008391889394260943
0.008055874798446893
0.007915174402296544
0.007448109192773699
0.008239254006184638
0.008260759804397822
0.008359103789553046
0.008462294202763588
0.008226405805908143
0.008293293800670653
0.007681105006486178
0.007757562189362943
0.008217435795813799
0.007971362804528325
0.008469479193445295
0.00866109379567206
0.00787404520669952
0.008337260398548096
0.008451280603185295
0.008277169999200851
0.008470616198610514
0.00796036139363423
0.008294908201787621
0.008124613994732499
0.008608860999811441
0.00773190560285002
0.008804063999559731
0.008602136198896914
0.007340232795104385
0.008313827007077635
0.00811156480340287
0.008593191404361277
0.008291268604807556
0.007685017399489879
0.008361817395780236
0.008485412993468344
0.007970298198051751
0.008336191007401794
0.007835792994592338
0.007728338602464646
0.008662782597821207
0.008449286606628447
0.00834235460497439
0.008149281796067952
0.00827745939604938
0.008608952409122139
0.008523673808667809
0.008025852602440865
0.00837377100251615
0.008538715995382518
0.008046980400104075
0.008641453797463328
0.00790778819937259
0.008205461001489311
0.008713431609794497
0.008670763403642923
0.007891081995330751
0.008271885197609663
0.008660083601716906
0.008157091599423438
0.008221806806977839
0.008129261806607247
0.008014466008171439
0.008236617594957352
0.008355685800779611
0.007949245802592486
0.007930311001837253
0.008349314203951509
0.00820874519413337
0.007809158798772841
0.009721840801648795
0.008126671600621194
0.008206698193680495
0.008224675199016929
0.008380482799839228
0.008204730798024685
0.007169546792283654
0.008376045001205057
0.008478235197253525
0.008852347591891884
0.008098622411489486
0.00808028900064528
0.008094630192499608
0.00818929380038753
0.007308135007042438
0.008127316401805728
0.007947047799825668
0.008595366403460503
0.008559041388798505
0.008592146402224898
0.00827691099839285
0.00855544100049883
0.008160500798840075
0.00800388540374115
0.0073419506079517305
0.008631302195135504
0.007962697406765074
0.00786360700149089
0.008641362399794161
0.00820560340071097
0.008453240396920591
0.007956653204746544
0.007869021594524383
0.008075965999159962
0.00810668880585581
0.008538144000340253
0.008681317593436688
0.007219812402036041
0.00794277599779889
0.007870175002608448
0.00807762680342421
0.007360351004172117
0.007980656798463315
0.007488835800904781
0.007755561999510973
0.008591250807512552
0.007745621597860008
0.008245781401637942
0.008109480806160719
0.008362452802248298
0.008704016194678843
0.008385080401785672
0.008298552397172898
0.0083288149908185
0.007696377800311893
0.008610344596672804
0.007826617592945695
0.009428925800602884
0.008480552805121989
0.007995908998418599
0.008501159597653896
0.008418142795562744
0.007987450796645135
0.008565267804078758
0.007685822993516922
0.007696905999910087
0.008018611802253873
0.008261874201707542
0.008330658392515034
0.007783165003638714
0.008926013205200433
0.008440525201149286
0.008162659406661988
0.00808908719336614
0.008209794806316496
0.007970411202404649
0.00782028139801696
0.00890602458966896
0.008158087404444814
0.008045794197823853
0.008304414607118815
0.00822919060010463
0.007986871199682355
0.007764352206140757
0.007821828604210167
0.008323982590809464
0.008160430390853434
0.008679821202531458
0.007916360395029187
0.008463067410048097
0.0075796814053319395
0.008231611596420408
0.008480769605375827
0.008254445798229426
0.007877646398264914
0.008356678404379637
0.007434110401663929
0.007851239794399589
0.00786690260283649
0.008439357008319348
0.008746431802865117
0.008180333592463285
0.008002489199861884
0.008245928795076907
0.008121534390375018
0.00787133639678359
0.007827365002594889
0.008422099007293581
0.008532386005390436
0.008348536398261785
0.007689128199126571
0.008198634802829475
0.008332791400607675
0.008731420198455454
0.00821470080409199
0.0082082359935157
0.00780909180175513
0.008654404990375042
0.008694843400735407
0.007878395600710065
0.00829192359233275
0.007661989994812757
0.00849955880548805
0.007713655405677855
0.008312898396980017
0.007460732606705278
0.008287242194637657
0.008416216005571187
0.008224018802866339
0.007307363196741789
0.008035620406735689
0.008196982799563556
0.007666492997668683
0.008019829401746392
0.008258289005607367
0.007506776601076126
0.008345497399568557
0.008052513597067445
0.008514695602934807
0.008303660596720875
0.007401495997328311
0.00830638180486858
0.008536878798622638
0.008158554404508323
0.00867490799864754
0.008151663199532777
0.008304445398971438
0.008011940401047468
0.007917001796886324
0.007735272007994354
0.0077679955982603134
0.008302910393103958
0.008308330993168056
0.008644584205467255
0.008778236003126948
0.008105692395474762
0.00834168359870091
0.008253958204295486
0.008579582604579628
0.008137830800842493
0.007673371594864875
0.008052815007977188
0.008254263794515281
0.008328182203695179
0.008059127803426236
0.009214658197015524
0.007896646799053997
0.008566210197750479
0.007930740003939719
0.008294840401504189
0.008229258994106203
0.00821338000241667
0.007411000994034111
0.008086081000510604
0.008246153604704886
0.008776531997136771
0.007959793601185084
0.008515670406632125
0.008049619593657553
0.00834504459053278
0.008540798805188387
0.008220791001804173
0.007293341204058379
0.008178085600957275
0.008690595801454037
0.008081303595099598
0.008395196590572595
0.0085574475931935
0.008307033404707908
0.007618585403542965
0.008373927196953446
0.008087934402283281
0.00765269820112735
0.00784373820060864
0.0077350068022497
0.00716424819547683
0.00833301959792152
0.008782506198622286
0.007911085803061723
0.007981509400997311
0.008112321398220957
0.007925439591053874
0.007909176393877716
0.008181093796156346
0.00841195200337097
0.008104687999002635
0.008129208604805172
0.008005669596605003
0.007870530395302921
0.008694808790460229
0.008280174795072526
0.008686499006580561
0.008311203005723656
0.008570961793884635
0.008014087402261793
0.008414093009196221
0.008157378807663918
0.007909657596610487
0.008110299392137676
0.008253960602451116
0.008262635592836886
0.008136328600812703
0.008028455392923206
0.00797061580233276
0.008148402406368405
0.008264372800476849
0.008193055796436966
0.00832159600686282
0.008236248593311757
0.008093967603053897
0.008303403004538268
0.008242528594564646
0.007846937992144375
0.007764889800455421
0.008103916200343519
0.00816201400011778
0.00749042620882392
0.008017804007977247
0.007968473399523645
0.007982898596674204
0.008092293399386108
0.008320211002137512
0.008881291199941188
0.008068860997445882
0.008102383196819574
0.007934746402315795
0.007828380598220974
0.0076528531964868305
0.007909920206293464
0.007976094807963819
0.008009866194333881
0.007896876393351704
0.00856797139858827
0.00854689119150862
0.008359282393939793
0.008131985599175096
0.007955283205956221
0.007968761399388314
0.008202516997698694
0.008128021005541086
0.008138090593274683
0.007830034801736474
0.00810508340364322
0.008627766801510006
0.008128312206827104
0.008270405197981745
0.008175380004104227
0.00818795240484178
0.008105250599328429
0.007998265395872294
0.007194620603695512
0.007673136796802283
0.008388657995965332
0.00867471839301288
0.008012923796195537
0.007707750203553587
0.008260984206572175
0.00828000420005992
0.007577784801833331
0.007166598399635404
0.008317880809772759
0.00801138540264219
0.008151104801800101
0.008329850796144456
0.008210986596532166
0.008341829397249968
0.007902099401690066
0.008925209799781442
0.007718104007653892
0.008362682000733913
0.007910576392896473
0.00806203680112958
0.008341300208121539
0.008081538800615818
0.008349329803604633
0.008379388798493892
0.008613655203953385
0.008171915402635932
0.00869062520796433
0.0072288607945665715
0.008561871992424131
0.007693365192972123
0.008656280802097172
0.007872077997308224
0.008498379006050527
0.00854403900448233
0.008066801400855184
0.008348972594831139
0.008328157209325582
0.008801306795794517
0.008617687004152686
0.008572090603411197
0.00822533859172836
0.008508050406817347
0.007731343596242368
0.00869508640607819
0.008288327394984663
0.008326882193796337
0.007715053798165172
0.00777437340002507
0.008554875198751689
0.007779789797496051
0.008522568200714887
0.00793910640059039
0.009017397195566445
0.00804976619547233
0.008597508200909942
0.008197569800540806
0.008749781001824886
0.008496622799430042
0.008601776394061744
0.008518507599364965
0.007864679803606122
0.008087592606898397
0.0077826657914556565
0.008194072602782399
0.007991988200228662
0.008421794604510069
0.008083296800032258
0.008595922205131501
0.008410926396027207
0.007575541199184954
0.008543777803424746
0.0076891662087291476
0.008150058391038328
0.008223249996080994
0.00778613300062716
0.008128143800422549
0.008745371992699803
0.008104332606308162
0.007398290792480111
0.008322324394248426
0.008228186797350646
0.008602359204087407
0.008337383205071092
0.00774205659981817
0.008960706007201225
0.00860520419664681
0.008191666204947979
0.00863384660333395
0.008156165189575404
0.00814016000367701
0.008032091602217406
0.008012660592794419
0.008199858001898975
0.008454389998223632
0.007970847992692143
0.00804998358944431
0.007967062795069068
0.008372782391961663
0.008351475989911705
0.008302864199504257
0.008074965397827327
0.008332146797329187
0.008501638798043132
0.008430972800124437
0.008442855800967663
0.008073437190614641
0.008226219599600881
0.007708264596294612
0.008399205200839787
0.0085064013954252
0.008048656594473869
0.007919338997453451
0.008057603205088526
0.007785185007378459
0.008527523197699338
0.00818924600025639
0.008347000798676164
0.008401065599173307
0.00793211159761995
0.007824821199756115
0.00851621279725805
0.008222435193601996
0.008417369402013718
0.008171831199433655
0.00775331580080092
0.008269663795363157
0.007271460792981088
0.008856224606279283
0.00808751379372552
0.00822524119867012
0.007731107401195913
0.008143901207949967
0.00826202480820939
0.008302220003679394
0.008532809000462294
0.008422491000965237
0.008371750602964311
0.008166020398493855
0.008155780599918217
0.008389740600250661
0.008567243604920805
0.008117102994583547
0.008253065589815377
0.007949589600320906
0.008381348405964672
0.008324760000687093
0.007958528201561422
0.007766320009250194
0.008928011590614914
0.007734792004339397
0.009202386403921991
0.009048791998066009
0.008385798800736666
0.008804593200329692
0.008099073800258339
0.007749898196198046
0.008269384410232306
0.008888690208550543
0.008218451403081417
0.0075880037969909605
0.0085453188046813
0.007868115394376218
0.008420528599526734
0.007992368005216122
0.008162190602160991
0.007748378196265548
0.008491330593824387
0.007561684004031122
0.007820222794543951
0.008908506599254906
0.007728477602358908
0.007816149608697743
0.008662672201171517
0.008413166599348187
0.00838651180965826
0.008230655791703612
0.008411888196133078
0.008011022198479623
0.00842813440831378
0.00865183100104332
0.008121465402655303
0.008266044000629335
0.008711632806807756
0.008118423994164913
0.00849964820081368
0.008002337394282221
0.00830914160469547
0.008757857803720981
0.008237206004559993
0.007632094202563167
0.00810347000369802
0.010153206996619701
0.007906987192109227
0.00812858120771125
0.008797352202236652
0.008291793789248913
0.008178713999222964
0.00762094019446522
0.008284858393017203
0.007958566199522465
0.00785902040079236
0.008447409805376083
0.00812146239914
0.007802792801521718
0.00822245019953698
0.008265179593581706
0.007723373593762517
0.007928489393088966
0.008311712590511888
0.008139734994620085
0.008529544994235038
0.008593562000896782
0.007807197596412152
0.008082456002011896
0.00813519700895995
0.007728034607134759
0.008395809994544834
0.008033753605559468
0.008953340607695282
0.007583250396419316
0.008098852192051708
0.00858595959143713
0.008175663603469729
0.008208450593519956
0.00791926319943741
0.00789167919429019
0.0085448341909796
0.008391034393571317
0.007515586190856993
0.008833385806065052
0.0080960086081177
0.008252517401706428
0.008050331799313425
0.00804746539797634
0.007396604202222079
0.008350213197991252
0.008067364199087023
0.007554552401416004
0.008144797605928034
0.00789956139633432
0.009458818600978702
0.008022069209255278
0.008049062197096645
0.00775556800654158
0.007933983602561057
0.007772457203827798
0.0077331843902356924
0.008611801394727081
0.007969764596782624
0.008297135995235294
0.008302977005951107
0.008093274396378547
0.007731999200768769
0.008360546408221125
0.008049041999038309
0.008408413198776544
0.008843540400266647
0.008434838394168764
0.008196511399000883
0.00760940199252218
0.008110392198432237
0.007955419004429132
0.008397713000886143
0.007834537408780307
0.008631380600854754
0.007825639599468559
0.00794166959822178
0.008608040993567555
0.00793716919142753
0.008321752399206161
0.008126614196226001
0.007746128202416003
0.008362743793986738
0.008782427001278847
0.007997809594962746
0.007815037202090026
0.008231837197672575
0.008416189800482244
0.008456012001261115
0.007340120594017207
0.008252017002087086
0.008270718599669635
0.007433778804261238
0.007922616798896342
0.008543621795251966
0.00793975240085274
