average_runtime 0.0035630020594457166
0.0036139518022537233
0.003600273805204779
0.0035744367982260884
0.003579943394288421
0.003585528791882098
0.0035862446064129474
0.0035786797991022466
0.0035803122096695005
0.003575400193221867
0.0035852815955877302
0.00358178400201723
0.0035822158097289503
0.003577836789190769
0.0035756659926846623
0.003578810195904225
0.003575994202401489
0.003573572204913944
0.0035803479957394304
0.0035818130010738967
0.003571353398729116
0.003575996798463166
0.0035765170003287496
0.0035682674031704666
0.0035580906085669996
0.003574971796479076
0.003568718396127224
0.003567354998085648
0.0035598117974586785
0.003572157199960202
0.0035663521965034308
0.0035777369979768992
0.003564241994172335
0.0035806932020932434
0.003570424800273031
0.0035781819955445827
0.003567968599963933
0.0035691577941179276
0.003569465596228838
0.003568740002810955
0.0035734634031541644
0.003572360402904451
0.0035617218003608287
0.0035751119954511522
0.003563966602087021
0.003574329800903797
0.003562443400733173
0.0035723772016353905
0.0035678602056577803
0.003572957799769938
0.003562330198474228
0.0035678218002431093
0.0035603019990958274
0.0035730623989365996
0.0035685013979673387
0.0035773524083197116
0.003568504995200783
0.0035712335957214236
0.0035620187991298735
0.003571437601931393
0.0035586384008638563
0.003581178409513086
0.003580786008387804
0.0035785753978416325
0.003563461604062468
0.003571815602481365
0.003564932802692056
0.003635868802666664
0.0035634141997434197
0.0035708757932297885
0.0035698614083230495
0.0035759315942414105
0.0035705968039110303
0.0035783404018729925
0.0035670035984367134
0.0035820954013615846
0.0035570623935200275
0.0035689675947651266
0.003563705401029438
0.0035722226020880044
0.0035829617991112173
0.0035891039995476605
0.003590348409488797
0.00359161680098623
0.0035727552021853626
0.0035806482075713573
0.0035854015965014695
0.003571656998246908
0.003564532403834164
0.003577562398277223
0.0035678307991474866
0.0035788248060271144
0.00356904580257833
0.003580463002435863
0.0035827027983032166
0.00359222199767828
0.0035859872004948556
0.003591861797031015
0.00358146260259673
0.0035853291978128255
0.003566505992785096
0.003577511408366263
0.0035729822004213927
0.0035892828018404543
0.0035976497922092674
0.0035734514007344843
0.0035676516010425983
0.0035753124044276773
0.0035595820052549245
0.003584767400752753
0.0035751136019825935
0.003577049798332155
0.003567673999350518
0.003570372995454818
0.0035595091991126536
0.0035731157986447215
0.0035666233976371585
0.003567327803466469
0.0035949793993495403
0.003580347797833383
0.00357250040397048
0.003577425400726497
0.003571579395793378
0.003571646404452622
0.0035658846027217805
0.003543971595354378
0.0035470010014250876
0.0035374360042624174
0.003521400596946478
0.0035455111996270717
0.003540735598653555
0.0035506265936419367
0.0035409889998845754
0.0035446019959636033
0.003540853806771338
0.0035428653936833143
0.003543890395667404
0.0035310051986016332
0.0035256159957498313
0.003534698800649494
0.0035262597957625985
0.0035392636083997784
0.003534921200480312
0.0035359599976800384
0.003529020003043115
0.0035427803988568483
0.0035362115944735707
0.003611546603497118
0.0035859612049534916
0.0035152381984516977
0.0035124711925163866
0.0035136822029016913
0.003504145401529968
0.0035109799937345088
0.003497687797062099
0.003501371992751956
0.003489383007399738
0.003498775791376829
0.003504693997092545
0.0035211778013035655
0.0035029735998250546
0.0035121046006679536
0.0035032336018048227
0.0035038730013184248
0.0034966020029969513
0.00350072419969365
0.0034932774025946854
0.003494949208106846
0.004021176393143833
0.0034947043983265757
0.0034986002021469174
0.0035061203991062937
0.0034817892010323703
0.003503166395239532
0.003496710804756731
0.0035032426007092
0.003488555003423244
0.00349688419373706
0.003600326005835086
0.003586917801294476
0.0036176190013065936
0.0035556529997847973
0.0035579981980845333
0.0035558394039981065
0.003535381390247494
0.0035412788041867317
0.003549281193409115
0.003544817795045674
0.003529779997188598
0.0035450504045002164
0.003550802799873054
0.0035388512071222065
0.0035249763983301818
0.003547062398865819
0.003536363202147186
0.003540914400946349
0.0035430110059678555
0.0035501242033205926
0.003551824390888214
0.003547990997321904
0.003528684796765447
0.0035502615966834126
0.0035367103992030025
0.0035475236014463007
0.0035385342082008718
0.0035468364018015563
0.003546969196759164
0.0035428637987934054
0.003555589402094483
0.003549472999293357
0.003556892403867096
0.0035440337960608304
0.0035336566041223707
0.0035407593939453365
0.0035373957944102585
0.003547967399936169
0.0035399197950027883
0.003556227998342365
0.003574502200353891
0.0035424511996097864
0.003545669198501855
0.0035668005933985115
0.003557676007039845
0.003561107802670449
0.003553313796874136
0.0035627765930257736
0.003555315197445452
0.0035479160025715826
0.0035456954035907986
0.003543051809538156
0.0035570259904488923
0.003537100995890796
0.003537494200281799
0.003541673405561596
0.003547623008489609
0.003540215000975877
0.0035396583960391583
0.0035341529990546407
0.0035443149972707033
0.0035337030072696506
0.003539313399232924
0.0035264470032416286
0.003552854200825095
0.0035239978111349045
0.0035353605984710158
0.003538409003522247
0.0035348885925486685
0.0035556704038754105
0.0035374915925785897
0.003549570799805224
0.003554551803972572
0.0035551249980926513
0.0035431427997536956
0.003542874800041318
0.0035304256016388535
0.003539863205514848
0.003540862596128136
0.0035393142024986446
0.003532642195932567
0.0035315021988935767
0.0035308626014739276
0.003533315204549581
0.0035343546071089802
0.0035350010031834243
0.0035333491978235543
0.0035441598040051757
0.0035284780082292856
0.0035481640021316706
0.0035520757897756993
0.0035510703921318052
0.0035505318082869053
0.00353082719957456
0.0035351008060388266
0.003535423392895609
0.0035219065961427987
0.003526486409828067
0.003524601203389466
0.0035399419954046606
0.0035338463960215448
0.0035342237912118434
0.003538402798585594
0.0035432968055829407
0.0035474325995892286
0.003549667994957417
0.003525390010327101
0.003548683202825487
0.0035282270051538943
0.003538531600497663
0.003532200597692281
0.0035323680029250683
0.0035385018098168077
0.0035427934024482967
0.003542749607004225
0.003536867198999971
0.0035305578028783204
0.0035457169986329974
0.0035332148079760374
0.0035291718086227775
0.0035339149995706975
0.0035337102017365396
0.003527802403550595
0.0035434784018434583
0.0035444692010059954
0.0035295039997436106
0.0035348302102647723
0.0035349568002857267
0.0035374748054891824
0.0035402744077146055
0.0035262209945358335
0.0035361191956326367
0.0035318495938554406
0.0035347533994354308
0.003532603196799755
0.003521607199218124
0.0035369929973967373
0.0035207339911721646
0.003531826799735427
0.0035218806006014347
0.0035348539939150216
0.003530234401114285
0.003531179204583168
0.0035207205917686226
0.0035267086001113056
0.0035269804066047072
0.0035359635949134827
0.0035214565927162767
0.003533332806546241
0.003526951198000461
0.0035338071989826857
0.0035235019982792436
0.0035317179979756476
0.0035339768044650556
0.00353051139973104
0.0035243225982412698
0.003535480808932334
0.003521178604569286
0.0035360240028239785
0.003532141598407179
0.0035304891993291677
0.003523111599497497
0.0035332545987330375
0.0035225139930844308
0.003529239201452583
0.003524880390614271
0.003544460597913712
0.003540509601589292
0.003534048399887979
0.00352447300683707
0.0035279516014270484
0.0035302437958307565
0.0035324753960594537
0.003536936396267265
0.0035331324092112482
0.0035358819994144143
0.0035405864007771017
0.003537152998615056
0.0035315554006956516
0.0035362042021006347
0.0035341024049557745
0.0035432389937341212
0.003540037805214524
0.003541733999736607
0.003533852403052151
0.003541496000252664
0.003536947804968804
0.0035405712085776033
0.0035401607980020343
0.003532949392683804
0.0035367825999855994
0.0035411293967626987
0.0035430934047326447
0.0035286951926536856
0.0035443573957309126
0.0035385466064326463
0.0035337951965630056
0.0035202548024244606
0.003536174597684294
0.0035347008029930293
0.0035417934064753353
0.0035458502010442317
0.0035369154065847397
0.0035329345962964
0.0035505081992596387
0.003555083798710257
0.0035450119990855455
0.0035456768004223705
0.0035341544076800346
0.0035368502023629842
0.0035322375944815574
0.0035423510009422897
0.0035393545986153185
0.003542216611094773
0.0035353678045794367
0.0035386853967793288
0.003540744399651885
0.003530523006338626
0.003540217794943601
0.003535310598090291
0.0035318943904712797
0.003542276006191969
0.003531946800649166
0.003544550808146596
0.003533409407828003
0.0035448217997327445
0.0035682761925272645
0.0035746069974265994
0.0035613365937024353
0.003569153801072389
0.0035616953973658383
0.003566817205864936
0.003563390194904059
0.003578570403624326
0.003553931403439492
0.0035652816062793137
0.0035599587950855493
0.004011065000668168
0.0035669552045874296
0.0035676172003149985
0.0035674715996719896
0.003561449993867427
0.003562522598076612
0.0035577332018874586
0.0035598493996076286
0.0035738833947107198
0.0035550965927541255
0.0035654288018122315
0.0035574282053858043
0.0035661166068166493
0.003562450793106109
0.00356542180525139
0.0035673515987582503
0.0035610435996204616
0.003561462403740734
0.00356615639757365
0.003559774998575449
0.0035660580033436418
0.0035610310034826396
0.003564465802628547
0.0035636765998788176
0.003566295001655817
0.0035636611981317403
0.003561685001477599
0.003566230204887688
0.0035580042051151393
0.003553553204983473
0.0035677497973665593
0.0035617100074887276
0.003568109194748104
0.003559843997936696
0.003567969996947795
0.0035636556101962926
0.0035765159991569817
0.003555835003498942
0.003576356591656804
0.003569880803115666
0.003564682591240853
0.0035648622084408998
0.0035813652095384894
0.0035686988034285606
0.003576183400582522
0.0035584729979746045
0.0035628268029540776
0.0035748091991990804
0.003573743801098317
0.0035930881975218655
0.0035692509962245824
0.003579858399461955
0.003561712394002825
0.0035669622011482716
0.003571481199469417
0.0035723528009839354
0.003574785601813346
0.003556689596734941
0.003572575398720801
0.003569216199684888
0.003562704799696803
0.003556118602864444
0.003557003603782505
0.003568073594942689
0.003559639595914632
0.003561877796892077
0.0035666767973452805
0.0035561852040700615
0.0035720971995033325
0.0035649053985252976
0.0035567028098739684
0.003570808994118124
0.0035641264053992926
0.0035676267929375173
0.003558661206625402
0.003558625397272408
0.003565384994726628
0.0035664432100020347
0.0035629263962619006
0.003565939806867391
0.0035751017974689605
0.0035656330059282483
0.0035696709994226692
0.0035586904035881163
0.00354624759638682
0.0035729135968722405
0.003569126792717725
0.003568810597062111
0.0035628526005893947
0.0035586524056270717
0.00355164899956435
0.003563920396845788
0.003559243807103485
0.003556457010563463
0.0035668808035552503
0.0035650993930175902
0.00356297860853374
0.0035563328070566057
0.003556122200097889
0.0035569997970014812
0.003560181602369994
0.0035536946030333637
0.0035595647990703584
0.0035637838067486883
0.003562878002412617
0.0035556029994040727
0.0035570138017646967
0.0035585333942435684
0.0035563368001021445
0.0035655369982123377
0.003571995196398348
0.0035707938019186257
0.0035724781919270754
0.003569117607548833
0.003572256595361978
0.003572210401762277
0.0035739525919780135
0.003562756802421063
0.0035574372042901812
0.0035721278050914406
0.003578917600680143
0.0035760079976171256
0.0035735181998461487
0.003568184608593583
0.0035699425963684915
0.003567291400395334
0.003569444199092686
0.0035649441997520626
0.003571479395031929
0.003569729602895677
0.003563870000652969
0.0035715967998839913
0.0035782782011665403
0.0035704732057638467
0.0035646487958729267
0.003565348801203072
0.0035684625967405737
0.003563531208783388
0.004021583194844425
0.0035758094047196208
0.003565578395500779
0.0035556429997086526
0.0035621805931441487
0.003562052606139332
0.003562177601270378
0.0035666216048412026
0.0035674739978276194
0.0035710534080863
0.0035608445992693304
0.0035625471966341136
0.0035635562031529843
0.003570973197929561
0.003565921611152589
0.003542873600963503
0.00357293919660151
0.003572442405857146
0.00356226300355047
0.0035562962060794235
0.0035999743966385724
0.0035730892093852164
0.003570985805708915
0.003555540193337947
0.0035537632065825164
0.003561149805318564
0.003563162998761982
0.0035539667936973275
0.0035653071943670513
0.00354685359634459
0.003555613791104406
0.0035597529960796235
0.0035464309970848263
0.0035517041920684277
0.0035547313978895544
0.003553841996472329
0.0035428149974904956
0.003563654993195087
0.0035546246101148425
0.003560639196075499
0.0035516588017344476
0.003552430006675422
0.0035544674028642476
0.0035604677977971733
0.003557781397830695
0.0035639079986140134
0.0035589396022260187
0.003547363402321935
0.003559042199049145
0.0035701106069609525
0.0035639894078485666
0.0035635507898405193
0.003562230197712779
0.0035615339991636576
0.0035655659972690045
0.003575442801229656
0.0035644853953272103
0.003569602407515049
0.003557638789061457
0.003568477206863463
0.0035572857945226134
0.0035662190057337284
0.0035554897971451283
0.003559989400673658
0.003548416600096971
0.0035627384088002144
0.003558636596426368
0.0035684458096511664
0.003559284005314112
0.0035600079922005535
0.0035527608008123933
0.0035570061998441817
0.003565588605124503
0.0035564866033382715
0.003571620595175773
0.003561563009861857
0.0035615697968751194
0.0035572716034948824
0.00356248120078817
0.003551571606658399
0.0035510360030457377
0.0035559112089686095
0.003554739605169743
0.00355338939698413
0.0035599040100350978
0.0035673510050401092
0.0035582414013333617
0.003547619003802538
0.003557394188828766
0.0035577691975049674
0.00356029539834708
0.0035649470053613188
0.003563483990728855
0.0035614402033388613
0.003553296800237149
0.0035642833914607762
0.0035644927993416786
0.0035589162027463315
0.0035526610095985233
0.0035497364006005228
0.0035607018042355778
0.003558034193702042
0.0035581171978265047
0.0035555494017899037
0.003555140201933682
0.003555833001155406
0.0035538034047931434
0.003557859000284225
0.003560021589510143
0.0035605514072813093
0.0035596286063082514
0.0035533421905711293
0.003555083810351789
0.00354670959059149
0.0035531115951016544
0.0035529831890016793
0.003554362605791539
0.0035542584024369716
0.003559098800178617
0.0035627758014015855
0.0035606457968242466
0.003548219194635749
0.003560875996481627
0.003554579592309892
0.003562000801321119
0.0035619362024590373
0.0035728746093809604
0.0035628292011097074
0.0035601882031187416
0.003560957591980696
0.0035606979974545537
0.0035587375983595847
0.003557628998532891
0.003557875007390976
0.003564846806693822
0.00355625239899382
0.003550143400207162
0.0035565471975132824
0.003984490409493446
0.0035650716046802698
0.003560043801553547
0.003562458197120577
0.003558802593033761
0.003555322007741779
0.0035560542019084096
0.0035604108008556066
0.003555636398959905
0.003556237195152789
0.003560014395043254
0.003562957397662103
0.0035551338107325135
0.003545924602076411
0.0035521926009096207
0.0035604862030595543
0.0035602145944721997
0.0035627546021714807
0.0035649340017698703
0.003561592602636665
0.003563685005065054
0.003547091200016439
0.0035516728064976634
0.0035497133969329296
0.0035571387968957426
0.0035613739979453384
0.0035601836047135294
0.003564490203280002
0.0035647765966132284
0.0035581353935413063
0.0035591033985838292
0.003552380402106792
0.0035537822055630385
0.0035548343905247746
0.0035516313975676892
0.003557031194213778
0.003558890800923109
0.0035552811925299464
0.0035469720023684204
0.003556046390440315
0.003550619806628674
0.003552957810461521
0.003556759201455861
0.0035474314005114137
0.0035527827916666866
0.003558825794607401
0.003558223193977028
0.003552045801188797
0.003551718406379223
0.0035525372019037603
0.0035460257902741434
0.00355444080196321
0.0035463534062728287
0.0035560742020606995
0.003556042804848403
0.0035529655986465515
0.0035485093947499992
0.0035567653947509827
0.003548213792964816
0.0035461770021356642
0.0035407923976890745
0.003541471599601209
0.0035525675979442895
0.003550186799839139
0.003548229800071567
0.0035493709961883723
0.0035436099977232518
0.0035552590037696064
0.003552986797876656
0.00355687839910388
0.0035530345980077983
0.0035565718077123164
0.003552386199589819
0.003549268201459199
0.0035446958034299316
0.0035572572029195725
0.0035522675956599415
0.003557617194019258
0.0035514488001354037
0.0035649252007715405
0.0035636098007671537
0.0035525952000170944
0.0035449360031634567
0.0035528428037650884
0.003549541998654604
0.003547828400041908
0.0035509900073520837
0.003553057205863297
0.0035489178029820324
0.003555287595372647
0.0035556406015530228
0.0035539106000214817
0.003562541399151087
0.0035565230064094067
0.003550909599289298
0.0035466342000290752
0.003564325801562518
0.0035508268047124147
0.003558580798562616
0.0035510771907866
0.003529795992653817
0.003519752190914005
0.003509374801069498
0.0035479219979606567
0.003546323603950441
0.003581429796759039
0.0035919715999625625
0.003590164997149259
0.0035738143953494726
0.0035880655981600285
0.0035689533920958637
0.003590735397301614
0.0035763983963988722
0.0035795652074739337
0.0035737987956963478
0.0035856729955412447
0.003582609409932047
0.003580236400011927
0.0035750788054428996
0.0035966873983852565
0.003581450995989144
0.003574537008535117
0.003570255602244288
0.0035840700031258164
0.0035730493953451516
0.0035724476096220315
0.0035715301986783744
0.0036002389970235527
0.0035640047979541125
0.003578351798932999
0.003577387204859406
0.003581455408129841
0.0035794090013951062
0.0035844323923811317
0.003611974406521767
0.0036173480097204448
0.003583446005359292
0.0035812269896268846
0.003573345998302102
0.0035875351983122527
0.003994096594396979
0.0035907541983760892
0.0035828290041536094
0.0035913949948735537
0.003579066600650549
0.0035841856035403906
0.0035779724013991652
0.003591732797212899
0.00358478520065546
0.0036032275995239614
0.003577038994990289
0.00359345399774611
0.0035703778034076095
0.0035950800054706635
0.003583465004339814
0.003594415809493512
0.0035919816000387073
0.003588294005021453
0.0035829855944029985
0.0035940950037911534
0.0035782252089120448
0.003577022801619023
0.003585451398976147
0.003598397795576602
0.003580950805917382
0.00359002600889653
0.003582487197127193
0.0035984847927466035
0.0035777170094661416
0.003589585400186479
0.0035830597975291313
0.003599806607235223
0.0035831250017508863
0.0035785129992291333
0.0035797034041024746
0.0035869537969119847
0.0035855156020261347
0.003582926595117897
0.0035783560015261173
0.0035904843942262234
0.003583522397093475
0.0035775601980276408
0.0035924953990615904
0.003589244792237878
0.0035662073991261424
0.0035873080021701755
0.0035744010005146266
0.003579749399796128
0.0035615250002592803
0.0035875446046702564
0.003590235800947994
0.003597257996443659
0.0035848687984980643
0.0035906876088120042
0.003583278798032552
0.0035997179918922486
0.0035788972047157584
0.003567347605712712
0.003578521206509322
0.0035975701990537345
0.0035881798015907408
0.003585403203032911
0.0035699788015335797
0.0036005245987325908
0.0035752660012803974
0.0035901134018786252
0.0035859480034559966
0.0035947343916632236
0.003575615200679749
0.003589126199949533
0.003570756607223302
0.0035858086077496408
0.0035637342021800577
0.0035944510018453
0.0035829736036248503
0.003589673200622201
0.003582606208510697
0.0035818742006085815
0.0035870331921614707
0.003600612992886454
0.003579143201932311
0.0035940431989729404
0.0035822459962219
0.003588846803177148
0.003578273602761328
0.0035975875915028157
0.003576911799609661
0.0036012221942655744
0.003585159603971988
0.003581280796788633
0.0035767033929005264
0.0035946139949373903
0.003582198801450431
0.0035813060007058085
0.003589428402483463
0.0035821688012219965
0.0035867213970050215
0.0035792668000794946
0.0035612659994512796
0.0035841553937643765
0.0035663984017446637
0.0035865785903297365
0.0035617445944808425
0.0035887190024368465
0.0035769873997196556
0.00358172639971599
0.0035766626009717585
0.003589823597576469
0.0035759288002736866
0.003576061991043389
0.00358310560695827
0.0035823952057398856
0.0035825502010993658
0.0035869537969119847
0.003583143395371735
0.003581123205367476
0.003585474204737693
0.003585296601522714
0.0035846359911374747
0.003601614001672715
0.003583814005833119
0.0035881550051271916
0.0035799370030872523
0.0035976519924588502
0.0035828912048600616
0.0036085116094909607
0.003579828201327473
0.0035874092020094393
0.003577540605328977
0.003579360991716385
0.003569419390987605
0.0035956977983005343
0.003580686403438449
0.0035875939996913076
0.0035793426097370682
0.003602293401490897
0.0035792748094536364
0.003594227007124573
0.0039957490051165225
0.0035909099970012903
0.003592971002217382
0.0035855584079399704
0.0035860135918483137
0.0035932743921875954
0.003608776396140456
0.0035930130048654973
0.003581799007952213
0.0035904063959605994
0.0035797817981801927
0.0035815225914120675
0.0035667226067744194
0.0035850162035785615
0.003571815602481365
0.0035812977934256197
0.0035654063918627798
0.0035773930023424326
0.0035601684008724987
0.0035854176036082207
0.0035720089916139843
0.003600725007709116
0.0035683010006323456
0.003599807003047317
0.0035592822008766235
0.0038955028052441777
0.003564902790822089
0.003566348005551845
0.003563236992340535
0.003583074198104441
0.0035716861952096225
0.003574684599880129
