average_runtime 0.002084214275472173
0.0019908551505068315
0.0019908341026166456
0.001985108299413696
0.002160045551136136
0.002157492801779881
0.0021613857999909667
0.0019814026512904094
0.0019859566004015506
0.0021566472481936217
0.001993018350913189
0.002159926199237816
0.0019874819001415743
0.0019853496487485245
0.002159564147586934
0.0021608850482152777
0.002159637349541299
0.0021624296001391484
0.002158152949414216
0.0019910434988560156
0.002157267148140818
0.002157623050152324
0.001960497151594609
0.002156021649716422
0.0019852493976941334
0.0021575465507339686
0.0019826103001832963
0.0021583739493507893
0.00199151684937533
0.0021586128510534762
0.0021581609995337202
0.002162299249903299
0.001983561951783486
0.001985417300602421
0.0021592392993625255
0.0021613129501929507
0.001986520702484995
0.0019880836509400977
0.001987065598950721
0.0019863922498188913
0.0021571955498075114
0.00215716430102475
0.0019857878010952844
0.002157646047999151
0.001992132599116303
0.001991577600711025
0.0021578145504463466
0.00215751905052457
0.0021554833016125484
0.0019949208974139763
0.0021601946995360778
0.00198398630018346
0.002157143401564099
0.0019832932477584107
0.002161092997994274
0.0019843036017846314
0.002159900849801488
0.0021568936004769056
0.0019853141478961334
0.002154996749595739
0.002154378450359218
0.0019884211011230945
0.0021542946517001836
0.001983400247991085
0.0019874067482305692
0.002158751699607819
0.0019832775491522626
0.0021597372484393417
0.0021578107494860887
0.0022711104014888407
0.002156242699129507
0.0019866290007485078
0.001982580151525326
0.001985002699075267
0.002166915248380974
0.0021581114007858558
0.001978576698456891
0.0021579912019660695
0.0021566009992966427
0.001983840050525032
0.0019900846498785542
0.0021597677492536604
0.0021553794998908416
0.0019838477484881876
0.0019812434009509163
0.0019854442012729122
0.0021562000503763555
0.0021555028506554663
0.002116334647871554
0.0019581665022997186
0.002163342249696143
0.002157798400730826
0.00198671595135238
0.0019922931503970178
0.0021519134985283016
0.0019859974505379795
0.002153573700343259
0.0021548680000705645
0.002161735499976203
0.002155219900305383
0.0021554477512836455
0.0021560942026553676
0.0021533855004236104
0.00215868070081342
0.0021583795984042808
0.002156262198695913
0.0022282913007074965
0.0019894361990736797
0.0021524882497033103
0.0021567888994468375
0.0019828270480502395
0.0021535300998948514
0.001981728951795958
0.002157611248549074
0.001983593599288724
0.0021566402516327797
0.0019809644494671375
0.001985726700513624
0.0019815815991023555
0.001956566100125201
0.0021536832995479927
0.0021570131997577847
0.002154570000129752
0.002160027850186452
0.0022378461493644864
0.002155063100508414
0.002155359901371412
0.0019824082002742214
0.002154454600531608
0.002155653102090582
0.002156621849280782
0.0019845023984089495
0.0021544827497564254
0.0019850062002660708
0.0019811717502307147
0.0021648186491802337
0.002156309050042182
0.0021600945998216047
0.001978937000967562
0.001982542799669318
0.0019838245498249307
0.001983981998637319
0.001981787898694165
0.0019850208977004514
0.002157509149401449
0.002159546801703982
0.0021553445520112293
0.002170021552592516
0.0019849915493978187
0.0019929236499592663
0.002155592999770306
0.001985650599817745
0.002155889250570908
0.002160075752181001
0.0021582764515187592
0.001987801748327911
0.001984045599238016
0.0019867502502165734
0.00199163900106214
0.002159130250220187
0.0021597579499939455
0.00204088565078564
