average_runtime 0.0005435698759742081
0.0005416567000793293
0.0005395883024903014
0.0005382946488680318
0.0006581389490747825
0.0006994446506723761
0.0005403276998549699
0.0005375989014282823
0.0005435232509626075
0.0005385444004787132
0.000536002151784487
0.0005373960506403819
0.0005366038007196039
0.0005358831025660038
0.0005352177016902715
0.0005366438010241837
0.0005346811522031203
0.0005349899001885206
0.0005372752988478169
0.0005360991490306333
0.0005366949015296995
0.0005350284511223436
0.0005345898011000827
0.0005363565986044704
0.0005337176989996806
0.0005344152479665354
0.0005350318504497408
0.0005336667003575712
0.0005362454481655732
0.0005377179506467656
0.0005368003476178274
0.0005551193986320868
0.0005344602483091876
0.0005374764994485303
0.0005394280480686576
0.0005365240504033864
0.000534711848013103
0.0005354411521693691
0.0005360748997190967
0.0005361226503737271
0.0005352963489713147
0.0005343635973986238
0.0005376082001021132
0.0005344409000827
0.0005368728016037494
0.0005970743979560212
0.0005348568491172045
0.0005351234518457204
0.0005350769497454166
0.0005349648999981582
0.0005341040494386106
0.0005350424500647933
0.000532743299845606
0.0005338536517228931
0.0005332751519745216
0.0005359047994716093
0.0005355594505090267
0.000535264250356704
0.0005360469978768379
0.0005364585493225604
0.0006617799517698586
0.0005332233005901799
0.0005362626514397561
0.0005343541008187458
0.0005348613980459049
0.0005358163500204683
0.0005359653994673863
0.0005336300004273653
0.0005330118496203795
0.0006510082486784086
0.0005369659513235093
0.0005352323496481404
0.0005339205992640928
0.0005344451492419466
0.0005333323497325182
0.0005334012006642297
0.0005328016501152888
0.0005347110505681485
0.0005333416018402203
0.0005345123499864712
0.0005354619497666135
0.0005342448479495942
0.0005362655996577814
0.0005352894484531134
0.0005364148993976415
0.000535797598422505
0.0005352550506358966
0.0005358335503842682
0.0006075902521843091
0.000535907200537622
0.0005347446480300277
0.000536545499926433
0.0005350889987312257
0.000535018349182792
0.0005367729492718354
0.000615318599739112
0.000537493301089853
0.0005349725484848023
0.000534073100425303
0.0005359914997825399
0.0005322654003975912
0.0005352297506760806
0.0005354010994778946
0.0006096088502090425
0.0005339014518540352
0.0005333175009582192
0.0005346190999262034
0.0005342546501196921
0.0005346485006157309
0.0005353391985408962
0.0006126082997070625
0.0005340459989383817
0.0005338924995157868
0.0005338054994354025
0.0005347733007511124
0.0005343806493328884
0.0005339936498785392
0.0005353171000024304
0.0006311243487289175
0.0005333148495992645
0.0005349250015569851
0.0005366179510019719
0.000534658451215364
0.0005337277514627203
0.0005358399503165856
0.000720687850844115
0.0005362354015232996
0.0005324736499460414
0.0005334960500476882
0.000534232601057738
0.0005331844993634149
0.0005334960005711764
0.000534668899490498
0.0005333645007340237
0.0005690602498361841
0.0005340953008271754
0.000533170101698488
0.0005328868981450796
0.0005316430004313588
0.0005331157008185983
0.000644346751505509
0.0005332653992809356
0.0005320091499015689
0.0005336722475476563
0.0005332626489689574
0.0005334741494152695
0.000532282650237903
0.0005319999472703785
0.0005319101474015042
0.0006369573995471001
0.0005336215021088719
0.0005317692994140089
0.0005336086003808304
0.0005306279519572854
0.0005324050522176549
0.000532968551851809
0.0005317762494087219
0.0005336130503565073
0.0005961303511867299
0.0005343652504961937
0.0005327789491275326
0.0005355947505449876
0.0005356684006983415
0.0005358483991585672
0.0005355118977604434
0.0005347599479136988
0.0005351233005058021
0.000536140101030469
0.0005359863018384204
0.0005365892488043755
0.0005361864983569831
0.0005377952009439468
0.0005334268498700112
0.0005378837493481114
0.0005363520001992583
0.0005356633511837572
0.0005335826484952122
0.0005354336492018775
0.0005339338007615879
0.0005325264995917678
0.0005359115486498923
0.0005327924009179696
0.0005345320503693074
0.0005344105506082997
0.0005348232516553253
0.0005341333482647315
0.0005944258999079465
0.0005351916013751179
0.0005357541522243991
0.0005349613988073542
0.0005348531500203535
0.0005324962490703911
0.0005339285009540618
0.0005357602989533916
0.0005339130002539605
0.0006304859009105713
0.0005325947509845719
0.0005358231981517747
0.0005371694016503171
0.0005379365000408142
0.0005351512489141896
0.0005340976000297815
0.0005353943997761235
0.0005333968991180881
0.0006605851522181183
0.0005358310998417437
0.0005341524491086602
0.0005344554985640571
0.0005341530981240794
0.0005331678490620107
0.0005338148504961282
0.0005346391000784934
0.0005338687013136223
0.0005331134510925039
0.0005347641505068168
0.0006516303983516991
0.0005347852478735149
0.0005356056499294937
0.0005350821505999192
0.0005356695008231327
0.0005336483474820853
0.0005364331998862326
0.0005340564501238986
0.000535338549525477
0.0005346704012481496
0.0005352016480173916
0.0006622027489356696
0.0005328778002876789
0.0005341225507436321
0.0005340912495739758
0.0005353365500923246
0.0005341101990779862
0.0005337907990906387
0.0005368221492972225
0.0005341804004274309
0.0005346114514395595
0.0005357654998078942
0.0006064872985007241
0.0005356806999770924
0.0005322557000909001
0.00053391705150716
0.0005321840988472104
0.0005334868998033926
0.0005340897478163242
0.0005329480511136353
0.0005329740990418941
0.0006106432003434748
0.0005323896009940654
0.0005328424012986943
0.0005343253491446376
0.0005333338980562985
