average_runtime 0.002138053031929303
0.0021489712496986614
0.0021506873512407766
0.0021454450499732046
0.002142222449765541
0.0021418074000393974
0.0021431884495541455
0.002141430150368251
0.0021418094518594446
0.0021420416014734656
0.0021400901488959788
0.0021442796511109917
0.002140048149158247
0.0021454409492434935
0.0021406446496257557
0.002139485697261989
0.002143025549594313
0.0021471084008226173
0.002138399350224063
0.0021382948994869365
0.0021480143972439692
0.0021451156993862242
0.00213626894983463
0.0021401763980975373
0.00214121654862538
0.002141051599755883
0.002141405001748353
0.0021390648995293303
0.002139863951015286
0.002209036800195463
0.0021383100480306893
0.00214160009927582
0.0021392332506366073
0.002142046348308213
0.002137714601121843
0.00214262644876726
0.001969757949700579
0.0021409712004242464
0.002185495401499793
0.0019706626975676046
0.002198931301245466
0.0021379268990131097
0.002142714650835842
0.0021448147512273864
0.002146763849304989
0.002148200001101941
0.0021446470491355285
0.002139949199045077
0.002142771301441826
0.0021647408982971685
0.0019713725516339762
0.002232419251231477
0.002138217250467278
0.0019678357988595963
0.002139262401033193
0.002141335650230758
0.0021443623001687227
0.002140409950516187
0.002143373651779257
0.002139754401287064
0.0019639580976217987
0.0021404194994829595
0.002141944199684076
0.0021377616503741592
0.0021438942494569346
0.0021438431518618017
0.0021433019021060316
0.0021398575481725857
0.002139733548392542
0.00214238740154542
0.0021408736996818335
0.0021407419990282506
0.002140102451085113
0.002145402898895554
0.002253942147945054
0.002141634948202409
0.0021447238483233376
0.002140280499588698
0.0021426325984066352
0.002146834251470864
0.002147697049076669
0.002157204851391725
0.0021380290505476295
0.0021399355988251044
0.0019713999499799684
0.002144882551510818
0.00226454790099524
0.002139398499275558
0.002148368550115265
0.00214648054970894
0.002146262500900775
0.002135533399996348
0.002139030650141649
0.0021392107504652814
0.002143014100147411
0.0021401143982075154
0.002139814998372458
0.002145411801757291
0.0021408436994533988
0.0021419249998871235
0.0021431077009765433
0.0021395215997472407
0.0021385955013101922
0.0021464772522449493
0.002140631849761121
0.0021427567000500856
0.002149243699386716
0.00213613664964214
0.0021404290513601155
0.002147877949755639
0.0019419150979956613
0.00213920125097502
0.002140727351070382
0.00215296454844065
0.002137997347745113
0.002142946500680409
0.0019668394495965915
0.0021394011011580004
0.0021416347997728737
0.002139748499030247
0.00221325829916168
0.0021417128009488806
0.0021401508507551625
0.002136326750041917
0.0021358391997637225
0.002139589001308195
0.002137263451004401
0.0021361046499805527
0.002140231750672683
0.0021408061526017263
0.002137339298496954
0.002211201351019554
0.001962862050277181
0.0021370305505115537
0.0021360419486882165
0.0021436543000163512
0.002137995950761251
0.00213913329935167
0.002136649450403638
0.002139956899918616
0.0021381114493124187
0.0021424341481179
0.0021358970989240333
0.002141571600805037
0.002138321500387974
0.0021427744504762813
0.0021409762499388306
0.0021393021481344475
0.0021382236998761074
0.0021395543502876536
0.002140577498357743
0.0021433609508676454
0.0021385113010182976
0.002141444748849608
0.002339572898927145
0.0021426912018796427
0.002140795698505826
0.0021430326509289444
0.001973031699890271
0.0021384132996900007
0.0021370328991906717
0.0021426535997306926
0.002139333650120534
0.0021407191001344473
0.0021394009992945938
0.00214141765027307
0.0021422006509965287
0.00196775860094931
0.0021416289993794633
0.002148296849918552
0.002147245698142797
0.002141161551116966
0.0021388457505963744
0.0021425373473903165
0.002149119300884195
0.0021410387998912483
0.00214102570025716
0.002142722051939927
0.0021442834491608664
0.0019712567009264603
0.002142831651144661
0.0021432996494695545
0.002150692048599012
0.0021446183498483153
0.002138197052408941
0.0021427455998491497
0.0021454574511153624
0.002146466198610142
0.0021457858005305753
0.0021526449505472555
0.0021388645021943376
0.0021438668976770715
0.0021404516010079533
0.002139606300625019
0.0021553940488956867
0.0021623681503115224
0.0021567538002273067
0.001982737850630656
0.0021561533998465166
0.0021567288000369444
0.0021580684988293797
0.002149207951151766
0.002155808501993306
0.0021597245009616016
0.0021554159990046172
0.0021553969505475833
0.0021566515002632513
0.0021499173482879995
0.002152402349747717
0.0021499050519196315
0.002152639749692753
0.001982387149473652
0.0022173102479428053
0.0021521860995562746
0.002154187750420533
0.00216238510038238
0.002157691598404199
0.0021547291515162216
0.0021529571007704363
0.002155346149811521
0.002151588350534439
0.002154730400070548
0.0021506399003555997
0.0021543736482271926
0.002153746600379236
0.0021568390482570978
0.0021531666512601077
0.0021533071994781494
0.002150952149531804
0.002154675350175239
0.00215231979964301
0.002156295199529268
0.0021509832004085183
0.002153805998386815
0.00214922274753917
0.002153603101032786
0.002154305900330655
0.002153049549087882
0.0021527450007852167
0.0019812265993095933
0.0021513764979317783
0.0021510445483727382
0.002155534000485204
0.0021533229504711927
0.002150013099890202
0.0021533585502766074
0.002149004949023947
0.002213988499715924
0.0021580207481747492
0.0021595552476355805
0.0021496672998182476
