average_runtime 0.007683389002003241
0.00871228160103783
0.007865094998851418
0.007867053407244385
0.007994902995415032
0.007363104203250259
0.007424240803811699
0.007857794407755136
0.007964155997615307
0.007853682606946678
0.008668553398456425
0.007367957604583353
0.007834075193386525
0.008082253602333367
0.007873181998729707
0.007852288999129087
0.007351740798912943
0.007355868595186621
0.007361047202721238
0.007894394011236728
0.007906456792261452
0.00788536979816854
0.007872953207697719
0.007846589596010745
0.007839429599698633
0.007958010793663562
0.007369074202142656
0.007837950193788856
0.007848141808062791
0.007856515794992447
0.00784096160205081
0.007848440599627794
0.007846049405634404
0.007970542996190488
0.007343092001974583
0.007841633795760573
0.007353498600423336
0.007850060402415694
0.007851467397995294
0.007952810998540371
0.007363044400699436
0.007838557800278067
0.007343736803159117
0.007848305208608509
0.007834165205713362
0.007353064999915659
0.0073623282019980255
0.007841368403751403
0.007850519800558686
0.008000029798131436
0.007840478199068458
0.007787162996828556
0.00784597439924255
0.007861488009802997
0.007831958401948214
0.007849739002995192
0.0073528130073100325
0.007367509801406413
0.007845645002089442
0.0078767218044959
0.007346437999513
0.007954155595507472
0.007364929211325944
0.007955561799462885
0.007358167401980609
0.007870869000907988
0.007953655195888133
0.007848017406649888
0.007409849402029068
0.007964468002319336
0.007846715406049042
0.007873086805921048
0.00786110000917688
0.007853424793574959
0.0078512885957025
0.007381763402372598
0.007377657992765308
0.007985798001755029
0.007853355805855245
0.00736095760948956
0.007977087202016264
0.00787551220273599
0.007847381592728197
0.007366326195187867
0.007356801000423729
0.007856447994709016
0.00736611079191789
0.008690014202147722
0.007371490600053221
0.007859722396824509
0.007870666403323411
0.007862682593986392
0.007868176605552436
0.007857676793355495
0.007387031801044941
0.00787663779919967
0.007966244406998158
0.007865537202451377
0.007885979604907334
0.007429411192424596
0.0074322212021797895
0.007982781995087862
0.007857083401177078
0.007865901407785713
0.007357583194971084
0.007866688398644328
0.0073706888011656705
0.007872841390781104
0.0074309156043455005
0.007368800404947251
0.00788212219486013
0.007874657202046364
0.007967935595661401
0.007382756797596812
0.0073720486019738015
0.007874680997338146
0.007851213996764273
0.00786930900067091
0.007957138202618808
0.008210775605402888
0.007853940199129283
0.0073721596039831635
0.007373679394368083
0.007864283595699817
0.008124871598556637
0.007863118394743651
0.007880518806632607
0.007854269607923925
0.007954703993164003
0.007373200403526426
0.0073706038063392045
0.0073599380091764035
0.007952352205757051
0.007843422796577215
0.007843669794965535
0.00783349759876728
0.007395143201574683
0.007840304402634501
0.007839585992041976
0.007372306589968502
0.00784104960039258
0.00734404600225389
0.007340763998217881
0.007358379603829235
0.007861558010336011
0.0073544660001061855
0.007829400792252273
0.007322255393955856
0.007835523004177957
0.007360880193300545
0.007396072801202536
0.00786090160254389
0.007342244009487331
0.007348178199026734
0.0073517146054655315
0.007352823193650692
0.00734526360174641
0.007824035594239831
0.0073293257970362905
0.007857524999417364
0.007364100206177682
0.007852753601036966
0.00795840120408684
0.007367694401182234
0.007848810800351203
0.007869219197891653
0.007841159403324128
0.007859928207471967
0.00865391300758347
0.007361846999265254
0.007955795002635569
0.007841045805253088
0.008162071206606924
0.007933625800069422
0.007285420200787485
0.007940516795497388
0.00791211319155991
0.007803261000663042
0.007783371198456734
0.0078065505949780345
0.007791868399363011
0.007327627390623093
0.00791579659562558
0.007810013194102794
0.00730760539881885
0.007814760401379317
0.007913542806636541
0.0073077339911833405
0.007779047999065369
0.008614288398530335
0.007291859399992972
0.007828072202391923
0.007928595598787069
0.0077855698065832256
0.007306403398979455
0.007797232596203685
0.007914689392782748
0.0073016227921471
0.007309602992609143
0.0072822291986085474
0.0072943383944220844
0.007806343398988247
0.007265216391533613
0.007274951005820185
0.007782825396861881
0.007833548600319772
0.007546270394232124
0.007764009397942573
0.007778835203498602
0.0072763175936415795
0.007269674609415233
0.007287294405978173
0.007291746605187654
0.007764579600188881
0.0077710250043310225
0.007931903994176537
0.007790103403385729
0.00727505519753322
0.00777361779473722
0.007829716603737324
0.008585023402702063
0.007904717000201344
0.007776614592876286
0.008155659993644804
0.007764631207101047
0.007774452201556414
0.00790794639615342
0.007796278200112283
0.007282476196996868
0.007787339994683862
0.007769747590646148
0.007291442202404142
0.007772119203582406
0.007926990196574479
0.007777659001294524
0.007763882807921618
0.007779090199619532
0.007787239004392177
0.007303557393606752
0.007287076604552567
0.007283509999979287
0.007283234607893973
0.0072887524031102656
0.007286200392991304
0.007902686600573361
0.007774650608189404
0.00777305900119245
0.007795411604456603
0.007324159005656838
0.007910804590210319
0.007280507404357195
0.00778459639986977
0.007274238392710686
0.007284644606988877
0.0072781785973347725
0.00790804800344631
0.00728875600034371
0.007773595000617206
0.007331432600039989
0.0077863877988420425
0.007913872005883605
0.007898314809426665
0.007899826392531395
0.007908803399186582
0.007888767600525171
0.007774498802609742
0.007887185993604362
0.008597895200364292
0.007275107398163528
0.00778159579494968
0.007291715999599546
0.0077701187925413254
0.007323434401769191
0.007889978191815316
0.008114781195763499
0.00778484100010246
0.007766904798336327
0.007767656398937106
0.0072614851989783345
0.007286743202712387
0.007787645410280675
0.007782328198663891
0.007781993597745895
0.007787912397179753
0.007337722205556929
0.007301247003488243
0.007776356802787631
0.00778237379854545
0.007286985195241869
0.007899200194515288
0.007778804807458073
0.007893213001079858
0.007807133405003696
0.007797960005700588
0.007905314199160785
0.007955601601861418
0.007776860194280743
0.007302104600239545
0.00790727799758315
0.00893491879105568
0.007901883602607995
0.007837273192126303
0.007283844798803329
0.007769231591373682
0.007896780595183372
0.007765504997223616
0.0078826476004906
0.007327954203356057
0.007289268798194826
0.007801295397803188
0.0073300977936014535
0.007891525409650057
0.007772089599166065
0.0072392257978208365
0.0077706714044325055
0.007246916799340397
0.007728007400874049
0.007757060800213367
0.007246292196214199
0.007727521599736065
0.00774570219218731
0.007739291002508253
0.007890329207293689
0.007743905601091683
0.007753750600386411
0.008133213000837714
0.007733859203290195
0.007739264203701168
0.007253082003444433
0.007256429200060666
0.007727405393961817
0.007854742801282556
0.007249536202289164
0.007251077599357813
0.007769923005253076
0.00724800800671801
0.0072522822069004175
0.0077452335972338915
0.007743996207136661
0.007729618600569666
0.007741229992825538
0.007878623798023909
0.007738854794297367
0.00725318220211193
0.007875412399880589
0.007864425994921476
0.007835394400171936
0.007759486802387983
0.007737293001264333
0.007756681996397674
0.007251045794691891
0.007259221002459526
0.0077320134034380315
0.007242788199800998
0.007866845792159438
0.00776441260240972
0.0072349586058408025
0.007254401396494359
0.0077377539942972366
0.00781969300005585
0.007248241209890693
0.00789000279037282
0.007735264603979886
0.00782513819867745
0.007313056406565011
0.007931063999421895
0.0073065581964328885
0.007799442205578089
0.007299930800218135
0.007827448390889913
0.007815953204408288
0.007817359198816121
0.007355738000478595
0.007305539597291499
0.007913009799085557
0.007814031396992504
0.008297898399177939
0.007347412605304271
0.007315293396823108
0.007800773601047695
0.0078022002009674905
0.007800524600315839
0.007818935404065997
0.007916643400676548
0.007787938800174743
0.007313151401467622
0.007297138997819275
0.007301307201851159
0.007799537607934326
0.007299448794219643
0.007784625596832484
0.007794176798779517
0.007344053802080452
0.0078008020063862205
0.007806890399660915
0.007936579396482558
0.007304386596661061
0.007793360599316656
0.007798235199879855
0.007920312602072955
0.007784157199785114
0.00778299099765718
0.007816250796895474
0.007785198395140469
0.007290246000047773
0.007783030194696039
0.007913138996809722
0.007790685002692044
0.007824213395360857
0.007787951803766191
0.0073015406029298905
0.007911756203975528
0.007782069395761937
0.007789598999079317
0.00780231460230425
0.007806820201221853
0.007314746000338346
0.007802967808675021
0.007792986196000129
0.007931441604159772
0.00779805020429194
0.007924685603938997
0.007746470393612981
0.0077443762100301685
0.00728549100458622
0.007850983401294798
0.00774594621034339
0.00842533300165087
0.007235058408696204
0.00787417240208015
0.007849646394606679
0.00772991880076006
0.007235527597367763
0.007908876799046994
0.007709486805833876
0.007847105804830789
0.007221450598444789
0.0072342812083661555
0.007218876807019115
0.007232658006250859
0.007234034000430256
0.007765290001407266
0.007869106403086334
0.007847690198104829
0.007236557803116739
0.007226271799299866
0.007227000803686679
0.007234594004694372
0.007715735596138984
0.007714978395961225
0.007858346204739065
0.007795602199621499
0.007920011191163211
0.008414385200012475
0.007775459194090217
0.007352930004708469
0.0072844804031774405
0.007810250599868595
0.007329467195086181
0.007906356395687908
0.0073455955949611965
0.007297401409596204
0.007767297397367656
0.007291283993981779
0.00730246159946546
0.007777427393011749
0.007792490394786
0.007276466197799892
0.007329504401423037
0.007809251407161355
0.0073245473904535174
0.007280468405224383
0.00778434700332582
0.007839924399740994
0.007784527400508523
0.007276914396788925
0.007264166604727507
0.0077932917978614565
0.007295102602802217
0.007283497601747513
0.008394292998127639
0.007797099999152124
0.007782351202331483
0.008594734990037978
0.007280809199437499
0.00727721219882369
0.00781207459513098
0.007900287804659456
0.0072880336083471775
0.007882110599894077
0.0072792825987562535
0.007347335992380977
0.0072859046049416065
0.00780224020127207
0.00789122999412939
0.007270541600883007
0.007766133395489305
0.007755764201283455
0.007886701601091773
0.00789140920387581
0.007759324403014034
0.007889251399319619
0.007277875207364559
0.007789269799832255
0.007768141198903322
0.007773583009839058
0.007284799194894731
0.007281445991247892
0.007759392203297466
0.007280964800156653
0.007282168802339584
0.007892346195876598
0.007879077398683876
0.008151685597840696
0.007770475593861193
0.0077594393980689345
0.0077621900010854
0.007276218198239803
0.00789454800542444
0.007891763793304562
0.00728415660560131
0.007286166597623378
0.007792059401981533
0.007295839989092201
0.007260033604688942
0.007266280602198094
0.007749297202099115
0.007254292198922485
0.007265818398445844
0.007265639398247004
0.007876924192532896
0.007776452403049916
0.007751167402602732
0.007260179193690419
0.007748954195994884
0.007749742001760751
0.007265417405869811
0.007769668195396662
0.007906708202790469
0.007252901396714151
0.007752134802285582
0.007250094600021839
0.007870076596736908
0.00725523839937523
0.007763169007375836
0.007294416800141335
0.0077487384085543455
0.008096618205308914
0.007745126006193459
0.00774104519514367
0.007730676792562008
0.00726106179645285
0.007769490999635309
0.007866671995725483
0.007242240000050515
0.007734920200891793
0.008550539799034595
0.007782743603456765
0.007896809000521898
0.0077796769910492
0.00779548300197348
0.007757459196727723
0.0078545410069637
0.007745088601950556
0.007734664401505142
0.007743780594319105
0.007256746198982001
0.007262242003343999
0.0077519871992990375
0.007753255602438003
0.007251342199742794
0.00774823339888826
0.007732442405540496
0.007261393195949495
0.007296739798039198
0.007741946598980576
0.0072599356062710285
0.007908627996221185
0.007249781594146043
0.007843216403853149
0.008448348590172827
0.007295299204997718
0.007227907597552985
0.007907960400916635
0.007880675804335624
0.007743728603236378
0.007294351002201438
0.007762811798602343
0.007728484796825796
0.007887854997534305
0.007247497397474945
0.007369423599448055
0.00793274879688397
0.007934410194866359
0.007939741399604827
0.007306562399026007
0.007310669799335301
0.007803110394161194
0.00791360919829458
0.007318232394754887
0.007313814607914537
0.007295430602971465
0.007306456996593625
0.007802227197680622
0.00791970060672611
0.007823976199142635
0.007307555200532079
0.007799810392316431
0.00795133300125599
0.007314324809703976
0.007335078401956708
0.007851939008105546
0.007799219200387597
0.007314972404856235
0.008665832201950252
0.00737401059595868
0.00801141579868272
0.007881054398603737
0.007855940808076412
0.007900997204706073
0.007880802801810204
0.007398501201532781
0.007990963000338525
0.008008626196533442
0.007905094802845269
0.008006508008111268
0.007901131000835449
0.007374412403441966
0.007997557800263167
0.0074041232001036406
0.007877057394944131
0.007417522801551968
0.0073783246101811525
0.007875253795646131
0.007903686200734228
0.007876921189017594
0.007890588592272253
0.00787812479538843
0.008002211805433035
0.007378793193493038
0.007382534199859947
0.008694806194398552
0.007383952604141086
0.007885345607064664
0.007879542990121991
0.007995959802065045
0.007408396003302187
0.007857288199011237
0.007415957399643958
0.007862444990314544
0.007863264996558428
0.007871052389964462
0.00737187541089952
0.007864725403487682
0.007388993399217725
0.007860772602725774
0.007974494993686677
0.00789404979441315
0.007858150405809283
0.007883768202736974
0.007976595999207348
0.007871297001838685
0.007868555397726596
0.007870163000188769
0.007377889403142035
0.0073790138005279
0.0073663642047904435
0.007376670208759606
0.007365024206228555
0.007873988791834563
0.007369930797722191
0.007380065391771495
0.007367358403280377
0.007875163003336638
0.007856854202691466
0.00798076119972393
0.007877585594542325
0.00798477060161531
0.007887976395431906
0.007877352996729314
0.007375668408349157
0.007412207196466625
0.007870574202388524
0.007867967407219113
0.007867794192861766
0.007381056598387658
0.007855086796917021
0.007876275794114918
0.007351617398671806
0.007836869801394641
0.007321809208951891
0.007587951200548559
0.00786259260494262
0.007867469999473542
0.007399279798846692
0.007961989601608366
0.00797119279159233
0.008001236396376043
0.007429932209197432
0.007379564002621919
0.007845244999043644
0.007864905009046196
0.007845564803574234
0.008671259006951005
0.007836042402777821
0.007371084997430444
0.007369420793838799
0.007358026609290391
0.007864218996837735
0.007856904598884284
0.007854586397297681
0.007976345799397678
0.00869116879766807
0.007734177203383296
0.0073661362053826455
0.007385815808083862
0.007831642008386552
0.007969184999819846
0.00797299959231168
0.007966323592700063
0.007834348001051695
0.00734180499566719
0.007855876197572798
0.007357186602894217
0.007952840195503085
0.007845142204314471
0.007958615606185049
0.007850907591637224
0.007399162393994629
0.007976369198877365
0.007860157592222094
0.007870614004787058
0.007845681405160575
0.007360387593507767
0.007979806198272854
0.007370430394075811
0.007375570200383663
0.007877821393776685
0.007417042006272823
0.00785044600488618
0.007863478595390916
0.007969794201198966
0.007853517192415893
0.00786185619654134
0.007376570801716298
0.008688121393788606
0.007984168792609126
0.007976921799127012
0.007369853602722287
0.007875343598425389
0.00785681299166754
0.007985669595655054
0.0073714500060305
0.007858628593385219
0.007364020601380616
0.008681329002138227
0.007977469393517822
0.007990305998828263
0.007378853391855955
0.007897736807353794
0.007877770403865725
0.007874402008019388
0.007974800805095583
0.007391070399899035
0.007417210994753986
0.007868542999494821
0.007918195391539484
0.007422028796281665
0.007398150593508035
0.007859626202844083
0.007372042594943196
0.0073755629942752424
0.0073780309990979735
0.007853215397335588
0.0073713060002774
0.007380665210075676
0.007988365204073488
0.007261832000222057
0.0072555421967990695
0.007759736001025886
0.007733210409060121
0.007878214796073734
0.007263858208898455
0.007269207597710192
0.0077439471962861715
0.00775509299710393
0.007248926803003997
0.007263233594130725
0.007244521996472031
0.0077554548042826355
0.007737481594085693
0.007943196198903024
0.007836418808437884
0.007854326209053398
0.007347430603113025
0.0073821714031510055
0.007964958797674625
0.007835197006352245
0.007814995001535863
0.007822335802484304
0.007814802194479853
0.00733526200056076
0.007850154198240488
0.0073560458025895056
0.007824143604375422
0.00781716100173071
0.007341955206356943
0.007344547403044998
0.007937761605717242
0.0078347034053877
0.007876306201796978
0.007338531408458948
0.00734628620557487
0.007869774592109025
0.007952743803616612
0.00782137680798769
0.007332899793982506
0.00794172880705446
0.007829546998254954
0.007345349597744644
0.007833402405958622
0.007339440402574837
0.0073327422025613485
0.007815166795626282
0.007867787196300925
0.007848022796679288
0.007820960390381515
0.007344431604724378
0.007817822392098606
0.007837975001893937
0.007823821599595248
0.007335222198162228
0.0073400050052441655
0.00796337560750544
0.007957342406734824
0.007851237605791539
0.007344182801898569
0.007347077003214508
0.007834795408416539
0.00783456820063293
0.007345709204673767
0.007354205404408276
0.007350777194369584
0.007272625202313065
0.007264855201356113
0.007880208198912442
0.007779203006066382
0.007264570996630937
0.007781091600190848
0.007396050996612757
0.007995854399632662
0.007998766005039215
0.008699407195672392
0.007862038596067577
0.007848212809767574
0.007382123591378331
0.007903346000239253
0.007357730797957629
0.007330876600462943
0.007944867596961558
0.007397444592788816
0.007860571809578687
0.007973802997730673
0.007868111599236727
0.007864785799756645
0.007846198603510856
0.0078754105954431
0.007991417206358164
0.007982594391796738
0.007369484205264598
0.007868934597354382
0.007825973606668413
0.007831208396237344
0.007815159996971488
0.0073371123988181354
0.007811351004056633
0.007826391607522964
0.0077415292034856975
0.007811143202707172
0.007824071601498872
0.00783411399461329
0.007335303409490734
0.00732372080674395
0.00734054900240153
0.008650895999744534
0.007819815597031265
0.00793571419781074
0.007330097199883312
0.007317735208198428
0.007840991206467151
0.007812140800524503
0.007825551996938884
0.007834406208712608
0.007330427400302142
0.007971038401592523
0.007904205203521997
0.007313018396962434
0.0072956762043759225
0.007278784993104637
0.007773344207089394
0.007816939009353518
0.007820992800407111
0.00788905780063942
0.007972437795251608
0.007286941597703845
0.007755189808085561
0.007753887004218996
0.007768947002477944
0.007775973994284868
0.007781824597623199
0.007993044797331095
0.007295340404380113
0.007783904997631907
0.007776242191903293
0.007773467397782952
0.007767591800075024
0.007768399000633508
0.007343714800663292
0.008636839408427476
0.007760003197472542
0.00727660299744457
0.007906913803890348
0.007279180595651269
0.008595775591675191
0.007287407002877444
0.007771592400968075
0.007922569406218827
0.00730067539261654
0.007349576207343489
0.007887839002069085
0.007288055191747844
0.007767285802401602
0.007769895798992366
0.007786145596764982
0.007783206005115062
0.006011492409743369
0.0073388039949350056
0.007788949809037149
0.007297273201402277
0.007773725397419185
0.008593642001505941
0.007292069995310157
0.007786053197924048
0.007290373800788075
0.007965483807493002
0.007898730400484055
0.007244901999365538
0.007894624606706202
0.0072477127891033884
0.007741101796273142
0.007888147002086043
0.007727483799681067
0.007852253806777298
0.007730366196483374
0.007212913199327886
0.007227572600822896
0.007244472799357027
0.007732131006196141
0.007274711795616895
0.007232395408209413
0.0072311213938519355
0.007753875409252942
0.007842683990020305
0.007717241998761892
0.007878749596420676
0.007748791994526982
0.007883817807305604
0.007874405605252831
0.007274091010913253
0.007876419194508344
0.007811702997423708
0.007791982602793723
0.007787325396202504
0.007277823600452394
0.00782384320627898
0.007298531197011471
0.007797578605823219
0.007814559002872557
0.008320054004434497
0.007307331589981913
0.007785796199459583
0.007299207209143788
0.007789383002091199
0.007971469406038522
0.007282440597191453
0.007813182403333485
0.007798861595802009
0.007919379998929799
0.007782608200795948
0.007900861802045255
0.007288827002048493
0.007915942801628262
0.007804350601509214
0.007293058792129159
0.007814548595342785
0.007296363997738808
0.007900662394240499
0.007908252801280468
0.007801459601614625
0.007298304606229067
0.007289447798393666
