average_runtime 0.00210560265124077
0.002141974598634988
0.002124866808298975
0.0021263620001263916
0.002122449199669063
0.002121936797630042
0.002123092394322157
0.0021226245909929274
0.002120663004461676
0.0021191640058532356
0.0021265110000967978
0.00212200180394575
0.002116204600315541
0.0021218681940808892
0.0021311413962394
0.002126151998527348
0.002115930593572557
0.002124798798467964
0.002125033806078136
0.00212699860567227
0.002111441595479846
0.0021187617909163236
0.0021252685924991964
0.0021200232091359793
0.002121849590912461
0.0021235230029560625
0.002126424200832844
0.0020852933987043796
0.002083490404766053
0.002097209799103439
0.0020931103965267537
0.0020902732037939133
0.002086966799106449
0.0020858956035226584
0.0020796302007511256
0.002082072210032493
0.0020815421943552793
0.002091673808172345
0.002087715792004019
0.0020914036082103848
0.002081540401559323
0.0020864830003120005
0.002085667592473328
0.0020879870047792793
0.002093662996776402
0.002088515798095614
0.0020866716047748925
0.002089043194428086
0.002090361400041729
0.002094855799805373
0.0020845770020969214
0.0020786777953617276
0.0020829148008488117
0.002083532197866589
0.002138456190004945
0.0020818770048208536
0.002083894598763436
0.002071682794485241
0.002082337799947709
0.002082500793039799
0.0020882148062810304
0.0020919050090014934
0.0020784631953574715
0.002081611007452011
0.0020936818094924093
0.0020951505983248355
0.002092784398701042
0.002089769800659269
0.002100803202483803
0.0021000557928346096
0.0021024786052294075
0.002086903597228229
0.0020890809944830837
0.0020907308091409503
0.0020851142005994918
0.0020828771986998616
0.002079954999499023
0.0020879267947748305
0.0020878488081507384
0.002096050197724253
0.0021428004023618997
0.002089873794466257
0.002094329590909183
0.0020891865948215126
0.0020853689988143743
0.0020884739933535457
0.002090117195621133
0.0020945386029779913
0.002085061394609511
0.00208461859729141
0.002091060997918248
0.002086945006158203
0.002098033810034394
0.002087121992371976
0.0020842000027187168
0.0020899993949569763
0.0021001087967306375
0.0020904024015180765
0.0020853635971434413
0.0020817401935346426
0.0020929933991283177
0.002092700405046344
0.0021015579928644
0.0020847434061579406
0.0020857688039541246
0.002084918401669711
0.0020845193997956813
0.0020831233938224613
0.002083726995624602
0.002088888396974653
0.002079768409021199
0.002076693798881024
0.0020762858097441495
0.002078722196165472
0.002082773402798921
0.0020860312040895225
0.002088679396547377
0.0020845158025622366
0.00209325480973348
0.002084002201445401
0.002088481211103499
0.0020934258005581795
0.002092045801691711
0.002084811800159514
0.0020870617940090598
0.002091326203662902
0.0020911252009682356
0.002089565002825111
0.002083382196724415
0.002092673594597727
0.0021397606004029514
0.002081352809909731
0.0020940416026860474
0.0020930779981426896
0.0020956813939847054
0.00209219140233472
0.0020913039916194975
0.0020851958077400925
0.0020901957992464303
0.0021268969983793797
0.0021108804037794473
0.00210043559782207
0.002102516603190452
0.0021102150087244807
0.0021041565923951566
0.002110377000644803
0.0021154484013095496
0.002107501996215433
0.002109198202379048
0.0021086736000142992
0.002112138201482594
0.002105005597695708
0.0021006752038374545
0.0021057283971458673
0.002101306605618447
0.0021058393991552292
0.002107928995974362
0.002109275001566857
0.0021116902003996073
0.0021133911912329497
0.002113446197472513
0.0021075485972687604
0.00211243680678308
0.0020997787942178547
0.00209829059895128
0.002105783193837851
0.0021024774061515926
0.0021017963998019697
0.0021000523935072123
0.002110272797290236
0.0021008644020184875
0.002103079401422292
0.0021053867996670304
0.0021088812034577133
0.0021101430058479307
0.0021106385975144804
0.002115606004372239
0.0021059217979200184
0.0021083063911646605
0.002109682001173496
0.002106702607125044
0.002097167004831135
0.0021033899975009263
0.0021118630073033275
0.0021020777989178897
0.0021126696025021373
0.0021126231993548574
0.002112054405733943
0.0021122831967659295
0.002113287802785635
0.0021106935921125112
0.0021071869996376336
0.0021099993959069253
0.002099845604971051
0.0020948925986886023
0.0021048214053735136
0.0021122573991306124
0.002097129402682185
0.0020931101986207067
0.002098012005444616
0.0021049264003522696
0.002102099999319762
0.002103322802577168
0.0020974852028302847
0.0021069245995022357
0.002094946603756398
0.0021040493971668183
0.002103744202759117
0.002091920806560665
0.0021035643992945554
0.0021002575987949966
0.00210398220224306
0.0021035835961811244
0.002100536797661334
0.00210028140572831
0.0020998402033001184
0.002095438598189503
0.0021048902068287133
0.0021003114059567453
0.0021038808044977486
0.002101447805762291
0.002156722394283861
0.002108295192010701
0.0021483986056409776
0.0021431174012832344
0.00214936820557341
0.0020935771986842155
0.0020999803906306624
0.002107040805276483
0.0021006923983804882
0.002088024199474603
0.0021021133987233044
0.0020974009996280072
0.0021046888083219527
0.002095995203126222
0.002102304808795452
0.0021002738038077952
0.00209590980084613
0.0021044502034783365
0.0021019531995989382
0.0021026025991886855
0.002096437197178602
0.0021036728052422405
0.002105220197699964
0.002094234200194478
0.0021066468092612923
0.0021020511980168522
0.0021038920036517083
0.0020977996056899427
0.0020963361952453853
0.00211222741054371
0.0021058151964098216
0.002099460596218705
0.0021091641974635422
0.0021012526005506514
0.002103367995005101
0.002102981403004378
0.002114460407756269
0.0021043951972387733
0.002102225599810481
0.00210681960452348
0.0021052738069556654
0.0021084823994897304
0.002106917800847441
0.0021098049939610062
0.002154542796779424
0.002102942008059472
0.002158396993763745
0.002154982800129801
0.002159881801344454
0.002156173996627331
0.0021079731988720594
0.0021047129994258285
0.0020965764066204428
0.0020960135967470705
0.002102310198824853
0.002098911802750081
0.0021086239954456686
0.0021040234016254543
0.00211189619731158
0.002119422797113657
0.0021028725896030664
0.0021546471980400383
0.002172059193253517
0.002125841798260808
0.0021678732009604573
0.0021159093943424524
0.00211979920277372
0.002117970201652497
0.0021366396103985608
0.002126095804851502
0.002121264208108187
0.0021637839963659644
0.002122728398535401
0.0021207783953286707
0.002169847406912595
0.0021205315948463976
0.0021236581960693
0.0021193252061493693
0.0021238388027995823
0.0021168470033444465
0.002117442199960351
0.0021595273981802167
0.002120374992955476
0.002121582010295242
0.0021211687941104173
0.002110337605699897
0.0021179624018259346
0.002119070396292955
0.0021308940020389857
0.0021158069954253732
0.0021318734041415157
0.002122065599542111
0.0021223834017291667
0.0021215858054347337
0.0021214692038483917
0.0021235274034552276
0.002122617594432086
0.002124220400582999
0.002090844593476504
0.002090243203565478
0.0020907246042042972
0.0020899610011838377
0.0020880864001810552
0.002080321602988988
0.0020808750065043568
0.0020889405976049604
0.0020850897999480367
0.0020809813984669747
0.002073277998715639
0.0020843193982727827
0.0020840550074353813
0.0020879340008832514
0.002086979406885803
0.0020926194032654167
0.0020910566090606153
0.0020831980044022204
0.0020850187982432546
0.002086364000570029
0.0020807464024983346
0.0020839126082137227
0.002093891799449921
0.002087638806551695
0.002088854799512774
0.0020808742032386363
0.002076944999862462
0.0020833248039707542
0.0020885775913484393
0.002084864606149495
0.0020848572021350265
0.0020894604036584496
0.0020870288019068537
0.0020764491986483336
0.0020906475954689087
0.00208218659972772
0.0021006923983804882
0.002089472603984177
0.0020847592037171125
0.0020858080009929837
0.002092637401074171
0.0020834297989495098
0.0020882862037979065
0.002078303799498826
0.0020780866034328938
0.0020841242047026755
0.002079018601216376
0.002082299196626991
0.0020830252091400326
0.0020789604051969944
0.0020806262036785483
0.0020728530013002454
0.002083010005299002
0.0020811057998798787
0.002086178993340582
0.0020801206002943216
0.002083021798171103
0.0020817994023673236
0.002073502808343619
0.0020878879935480655
0.0020834594033658504
0.0020824267994612455
0.002079241198953241
0.0021259782020933925
0.002178076806012541
0.0021717792027629913
0.002190430194605142
0.0021439527976326645
0.0021094285999424755
0.002102252596523613
0.0021027195965871216
0.002109606005251408
0.0021043277927674355
0.002097306796349585
0.0021008078008890154
0.00209184680134058
0.002111836988478899
0.0021146554034203293
0.002082187996711582
0.002084144193213433
0.002083137002773583
0.0020858190022408963
0.0020879009971395135
0.0020915593951940535
0.002089522802270949
0.002090232609771192
0.002134490595199168
0.002091475599445403
0.002093103597871959
0.0020945021999068556
0.002099192002788186
0.002090837003197521
0.00209823299665004
0.002087397198192775
0.0020817759912461044
0.0020821109996177257
0.002092183195054531
0.0020913933985866606
0.0020939963986165823
0.002087023400235921
0.002124968799762428
0.002116539399139583
0.002093346999026835
0.0020900409901514648
0.002154477802105248
0.002109805797226727
0.00210586660541594
0.0021073337993584573
0.002098720206413418
0.0021140759927220643
0.0021187109989114104
0.002116928400937468
0.0021131844026967884
0.0021111677982844413
0.0020865043974481524
0.0020852194051258267
0.0020939553971402345
0.0020987530006095767
0.0020910036051645874
0.002089044591411948
0.002093081211205572
0.0020969038014300168
0.002090903592761606
0.002084790403023362
0.002097911201417446
0.0020896015921607614
0.0020999934058636427
0.002095106593333185
0.002097180392593145
0.0020998946041800083
0.0020981817971915005
0.002097114606294781
0.002093537407927215
0.002092364605050534
0.0021185891935601832
0.002115071192383766
0.0020896305912174286
0.0020871279994025826
0.0021388320019468665
0.0020904485951177775
0.002126733399927616
0.0021139042102731763
0.002111157600302249
0.0021010347991250455
0.002113924000877887
0.0021550802048295736
0.002112707798369229
0.0021591509925201536
0.0021061223931610586
0.0021091851987875996
0.00211098100990057
0.002115116803906858
0.0021132424008101225
0.0021050823968835177
0.0021186703932471575
0.002109530405141413
0.002133731194771826
0.002118665596935898
0.0021133580012246966
0.0021275497972965242
0.002116018207743764
0.0021252042031846942
0.002118953596800566
0.0021182307973504066
0.0021207476034760474
0.0021129006054252386
0.002127403405029327
0.0021145779988728463
0.002125098602846265
0.002101817401126027
0.002095949195791036
0.0020958269946277142
0.002115750196389854
0.002124578389339149
0.0021018353989347817
0.002100252592936158
0.002101632195990533
0.0021038535982370377
0.0021005025948397813
0.0021068222005851565
0.0021038966020569204
0.0020913658081553876
0.002095506398472935
0.002096595207694918
0.0020992011995986104
0.0020967705990187825
0.0020973306032828986
0.0021101900027133526
0.0021043607965111734
0.002094416006002575
0.0021064675995148717
0.0020991451921872793
0.0021032558055594564
0.0021039700019173323
0.0021014694008044898
0.0021004082052968444
0.002103675005491823
0.002088387997355312
0.0021055713994428517
0.0020952299935743214
0.0020906660007312893
0.0021044505992904305
0.002095655002631247
0.002100778603926301
0.0021016409969888627
0.002103927999269217
0.002105224400293082
0.0021023981971666217
0.002097273198887706
0.002105530200060457
0.0021029487950727345
0.0020898961927741768
0.0021005154005251823
0.002099420200102031
0.002103904203977436
0.0021393214003182946
0.0021441015996970236
0.002144505805335939
0.002146825403906405
0.0020998963969759642
0.002100997802335769
0.002107088395860046
0.002092996402643621
0.0021013405988924206
0.0020954863983206453
0.0020938538014888763
0.0020955240004695954
0.0020923516014590858
0.0020991220022551715
0.0020913313957862554
0.002095404197461903
0.002089767390862107
0.002095113799441606
0.00209871178958565
0.0021027553942985834
0.0021404023980721833
0.00210900460369885
0.002102482400368899
0.0020904009928926826
0.0020987730007618667
0.0021060888073407115
0.0020992825971916317
0.0021026142057962716
0.002108164189849049
0.0020997151965275406
0.0020812183967791496
0.0020926566096022723
0.00208531100070104
0.002092451404314488
0.002083078003488481
0.002083722595125437
0.0020716460072435438
0.0020853510010056197
0.0020837549935095014
0.002085742598865181
0.0020848299958743156
0.0021194119937717913
0.002118741802405566
0.0021342445979826152
0.0020820961915887894
0.002135350997559726
0.0020872183958999813
0.002170030807610601
0.002112365805078298
0.0021192408050410448
0.002125821996014565
0.002127574395854026
0.002121703210286796
0.0021279598004184663
0.002123085397761315
0.002120908803772181
0.0021123419981449844
0.002121474000159651
0.0021278672036714854
0.0021185738034546374
0.002121380192693323
0.0021207175916060804
0.002120612398721278
0.002811604004818946
0.0021234637941233815
0.0021200001938268542
0.0021810697973705826
0.0021258917986415327
0.002114718803204596
0.0021205428056418896
0.002113353996537626
0.0021287110052071513
0.0021464596036821606
0.002121146593708545
0.002166366798337549
0.002121637994423509
0.002170791802927852
0.0021195225999690592
0.002161789801903069
0.002129593794234097
0.002114656998310238
0.0021172821987420322
0.002121612604241818
0.0021181032061576843
0.00211632460122928
0.0021236832020804287
0.002117671398445964
0.002122677001170814
0.002118153392802924
0.002117517602164298
0.0021356371929869057
0.0021658136043697595
0.0021176851936616004
0.0021621971973218024
0.002117493003606796
0.002128665999043733
0.0021111137932166455
0.0021223110030405223
0.002115608798339963
0.0021175435977056623
0.0021200766088441013
0.002116495801601559
0.0021159528056159615
0.0021188228041864932
0.002105535799637437
0.0021162410033866764
0.0021192968008108435
0.0021172538050450384
0.0021219228045083584
0.002114124596118927
0.0021316436002962293
0.0021205964032560585
0.0021180570009164514
0.002124305802863091
0.0021122904028743504
0.0021723380079492925
0.0021184507990255953
0.0021184645942412318
0.0021193531923927368
0.0021210304112173617
0.002118372591212392
0.0021207924000918865
0.0021189210005104543
0.0021186730009503663
0.0021213909960351883
0.002119689399842173
0.0021209795959293842
0.002122273005079478
0.0021184351993724705
0.002119982789736241
0.0021190874045714735
0.0021182897966355086
0.002123405400197953
0.0021155010093934835
0.0021204025950282814
0.0021397307980805637
0.0021141467965207993
0.002125298196915537
0.0021175093948841094
0.002122582390438765
0.002125207392964512
0.002126075397245586
0.0021257476066239176
0.0021218340029008687
0.002161125803831965
0.002114512398838997
0.002108409209176898
0.002105483191553503
0.002117837802506983
0.002091571793425828
0.00208167580422014
0.002125686197541654
0.002107634395360947
0.0021254773950204254
0.0021161890006624164
0.002117035596165806
0.0021240307949483396
0.002100014395546168
0.0020920852082781495
0.0020989969954825936
0.0021048526046797632
0.0021015817997977137
0.002101123600732535
0.0020979087916202844
0.002095567202195525
0.002094158192630857
0.0020966795971617104
0.002100700803566724
0.002105097600724548
0.002093636605422944
0.0020949069992639126
0.0021024420042522252
0.0021049640025012197
0.002098438795655966
0.002092364395502955
0.002096810401417315
0.0021002528024837374
0.0020962628070265053
0.0020932993968017398
0.0021024125977419316
0.0020974570070393384
0.002098916796967387
0.002096986200194806
0.002095664001535624
0.0021032124059274793
0.0020907834055833518
0.0020867077982984483
0.002093596605118364
0.0021000309963710604
0.0020955877960659565
0.002094564400613308
0.002098326000850648
0.0020946835982613267
0.002082267601508647
0.0020868764026090504
0.002097913611214608
0.0021009012009017168
0.002097107598092407
0.0020964644034393133
0.0020884452038444578
0.0020960761932656167
0.0020960498019121586
0.0021013738005422056
0.002096310001797974
0.002094964007847011
0.0020920288050547244
0.0020836284034885465
0.0020943092065863313
0.002098978601861745
0.0020972855971194805
0.002091429999563843
0.0020915823988616467
0.002092154393903911
0.002093405998311937
0.00209816339192912
0.0020867171930149197
0.0020908597973175345
0.002091605798341334
0.0020933102001436054
0.0020956946071237327
0.0020948408055119216
0.002099212200846523
0.002098231401760131
0.0020883132005110384
0.0020912243984639645
0.00209277180256322
0.0020975064020603896
0.0021011895965784787
0.0020957887987606227
0.0020860301912762223
0.002098020806442946
0.0020975534105673434
0.002089284604880959
0.0020920859999023376
0.0020888186059892177
0.0020964317955076694
0.0020936118089593947
0.00209330040961504
0.0020941526046954094
0.002095494803506881
0.0020885069970972836
0.002096875396091491
0.0020823512109927832
0.0020905912038870155
0.0020913309999741614
0.0020962612004950644
0.0021014472004026175
0.0021003753994591535
0.00209942840738222
0.002143945393618196
0.0021030294010415673
0.0020964691997505725
0.0021037394064478574
0.002146330603864044
0.0020984697970561684
0.002103342802729458
0.002090825990308076
0.002094246807973832
0.002110897994134575
0.0021036399994045496
0.002096667396835983
0.002143750002142042
0.0021053328062407674
0.0020928799989633263
0.0020875748014077544
0.0020966237992979587
0.002091994206421077
0.002091128006577492
0.002094040997326374
0.0020979391993023455
0.0020969423931092024
0.0020920162089169024
0.002086173999123275
0.0020939648034982382
0.002134333399590105
0.0021197999943979085
0.002125338395126164
0.0021232664003036916
0.00212172360625118
0.0021273182006552815
0.002146860398352146
0.002120830595958978
0.0021239066030830146
0.002112655609380454
0.002114542992785573
0.002091334795113653
0.0020913949934765696
0.002091845590621233
0.002081436000298709
0.002080649591516703
0.002086546807549894
0.0020904081990011036
0.002086496399715543
0.0020865838043391703
0.002089939801953733
0.0020930644008331
0.0020836436073295773
0.002087450202088803
0.002089894993696362
0.002091728604864329
0.0020867891958914696
0.0020919136004522443
0.0020741645945236086
0.002083342196419835
0.0020916300010867415
0.002087621402461082
0.0020968445925973354
0.0020787831977941095
0.002074315189383924
0.0020824800012633204
0.0020803803927265108
0.002085753995925188
0.0020777750061824916
0.00208293559262529
0.0020930689992383123
0.0020886579994112255
0.0020918319933116436
0.0020948786055669188
0.002095247199758887
0.0021227683988399803
0.0020841602003201843
0.0020855367998592555
0.002083150600083172
0.002099882997572422
0.002084190596360713
0.0020772308111190797
0.00208091139793396
0.002084607002325356
0.0020856708055362106
0.00208293559262529
0.0021068489993922414
0.002090715989470482
0.0020872421911917625
0.0020889678038656712
0.002095413801725954
0.0020875077927485107
0.002080916007980704
0.0021258801920339466
0.0021160162054002286
0.0021129510016180573
0.0021177797927521167
0.0021118254051543774
0.0021201949915848673
0.00211259420029819
0.0021065873908810316
0.0021117353928275405
0.0021110981935635207
0.0021058471989817916
0.0021094614057801664
0.0021039617946371435
0.0021090291906148196
0.00211259420029819
0.0021153457928448915
0.00211910359794274
0.0021148093976080416
0.002117600594647229
0.0021117378026247026
0.002102282003033906
0.0021125888102687894
0.0021166617982089518
0.002104688796680421
0.002115380996838212
0.002115365001372993
0.002116605406627059
0.0021089495974592866
0.002110773604363203
0.0021075835917145013
0.0021199560025706886
0.002106887591071427
0.002112522395327687
0.0021065478096716104
0.0021158082061447205
0.002108285389840603
0.0021181885967962444
0.002114535798318684
0.0021128010004758833
0.0021164514007978143
0.002106792409904301
0.0021180549985729156
0.0021142665995284916
0.002124700206331909
0.0021267294068820775
0.0021159600000828505
0.002110364194959402
0.0021032522083260117
0.002105347393080592
0.002114834007807076
0.0021123897982761263
0.0021063157939352093
0.0021125000086612998
0.00211133339907974
0.0021177356014959515
0.002106897800695151
0.0021181182004511357
0.0021099017933011053
0.0021105938008986413
0.002099050604738295
0.0021074102027341724
0.0021165848011150956
0.0021173270069994032
0.002116774406749755
0.0021179234026931226
0.00211934499675408
0.002102839597500861
0.002109086199197918
0.0021088302019052207
0.0021057941950857638
0.0021138253971002994
0.0021064525935798883
0.00210116800153628
0.0021058448008261623
0.002112605597358197
0.0021075202035717665
0.002108761598356068
0.0021069921902380885
0.002105748001486063
0.0021136012044735255
0.002109944203402847
0.0021126453997567297
0.002110313391312957
0.0021084478008560835
0.0021061119972728194
0.002115927799604833
0.0021066802088171243
0.00211360800312832
0.0021097985911183057
0.002117782202549279
0.0021114656003192065
0.002113145007751882
0.002107225195504725
0.0021112757967785
0.0021078311954624953
0.0021179003990255294
0.0021173633984290065
0.002109506807755679
0.0021046453970484436
0.0021038866019807757
0.0021151985973119737
0.0021105487947352232
0.0021309231990016995
0.0021127806045114993
0.0021140338038094343
0.002109820593614131
0.002117521199397743
0.002110602194443345
0.002114148996770382
0.0021109342109411956
0.002114051394164562
0.0021078158053569494
0.0021089671994559468
0.0021015872014686467
0.002109028201084584
0.002113417792133987
0.002105386194307357
0.002112753805704415
0.0021133322035893796
0.0021096910000778734
0.002111944404896349
0.002101816004142165
0.002110443206038326
0.0021124403923749925
0.0021139360032975674
0.0021048445953056215
0.0021105913911014795
0.0021018455969169735
0.0021145193953998388
0.0021129278000444176
