average_runtime 0.000888525312806202
0.0009104764991207049
0.0009014536510221661
0.0009002915991004557
0.00089749124890659
0.0008959203521953895
0.0008971304487204179
0.0008936558500863611
0.0008941944484831766
0.0008989151509013027
0.0008991178008727729
0.0008991078997496515
0.0008985307504190132
0.0008935874502640218
0.0008937964012147859
0.0008947836991865188
0.0008939347986597568
0.0008958808495663107
0.0008975113509222865
0.0008944775996496901
0.0008978443511296064
0.0008958411985076964
0.0008938191982451827
0.0008975375996669755
0.0008965009998064488
0.00089491555118002
0.0008977293997304514
0.0008967362489784136
0.0008963070518802852
0.0008944670989876613
0.0008930971496738493
0.0008937798003898934
0.0008933362492825836
0.0008935794001445174
0.0008923938003135845
0.0008929726987844333
0.0008940720988903194
0.0008925511501729488
0.000895808351924643
0.0008990589500172064
0.0008979373989859596
0.0009039673022925854
0.000900076751713641
0.0008949502982432023
0.0008969578018877655
0.000893331048428081
0.0008960055012721569
0.0008959093509474769
0.0008972279989393428
0.0008941237523686141
0.00089235560153611
0.0008933575503760949
0.0008967843983555213
0.0008969935995992273
0.0008950982999522239
0.0008942887012381107
0.0008956190489698201
0.0008944157016230747
0.0009828750015003606
0.0008972178999101743
0.0008959129016147926
0.0008931114483857527
0.0008931685995776206
0.0008977376477560028
0.0008918014005757869
0.0008942502492573113
0.0008957039506640285
0.000894910201895982
0.0008929245988838375
0.0008953829499660059
0.0008928227500291542
0.0008949825511081144
0.0008841724978992715
0.0008812404499622062
0.0008768107509240508
0.0008795084489975124
0.0008809028513496742
0.000881048702285625
0.0008802263997495175
0.0008806865982478485
0.0008779252995736897
0.0008766412996919825
0.0008819564478471875
0.0008802994503639639
0.0008779337513260543
0.0008804423996480182
0.0008802438009297475
0.0008878783992258832
0.0008812251500785351
0.0008766782993916422
0.0008790612977463752
0.0008784233505139127
0.0008802804019069299
0.0008808990998659283
0.0008787396014668048
0.000879476498812437
0.0008818051515845582
0.0008755813498282806
0.0008804326003883034
0.0008802155498415232
0.0008805706514976918
0.0008808436017716303
0.0008797442016657442
0.0009807298018131405
0.0008811705512925983
0.0008815091976430267
0.0008802492520771921
0.0008825636003166437
0.0008848316996591165
0.0008817741501843557
0.0008816006011329591
0.000879890500800684
0.00088085760071408
0.0008807241509202867
0.0008831748011289165
0.000878502000705339
0.0008781644981354475
0.000880486099049449
0.0008822889998555183
0.0008814462489681318
0.0008750063017942012
0.0008784438483417034
0.0008802706986898556
0.0008805718505755066
0.000880144551047124
0.0008794474008027465
0.0008803450997220353
0.000882918102433905
0.0008764614991378039
0.0008787752478383482
0.0008865146024618298
0.0008777017501415685
0.0008759699005167932
0.0008758394513279199
0.0008777902490692213
0.0008729934983421117
0.0008796344511210919
0.0008794890018180013
0.0008810972998617217
0.0008798661496257409
0.0008787096507148817
0.0008797563990810886
0.0008834821986965835
0.0008777671988354996
0.0008816347981337458
0.0008759492979152128
0.000879704300314188
0.0008750309993047267
0.0009704957978101447
0.0008779659488936886
0.0008753043512115255
0.0008761455013882369
0.0008739426004467532
0.0008821461000479758
0.0008799311995971948
0.0008790329506155103
0.0008778301998972893
0.0008786074991803617
0.000876638901536353
0.0008798855997156352
0.0008789674495346845
0.0008776989008765668
