average_runtime 0.000570688971108757
0.0005704111506929621
0.0005602374003501609
0.0005614759516902268
0.0005611027998384088
0.0005813102994579822
0.0005682868009898812
0.0005676363478414714
0.0005675377993611619
0.0005677956505678594
0.0005664680007612333
0.0005675741005688906
0.0005656019493471831
0.0005682873510522768
0.0005676950997440145
0.0005681677517713979
0.0005654023523675277
0.0005674676998751238
0.000630594399990514
0.000574481301009655
0.000567645751289092
0.0005656018009176477
0.0005656474502757191
0.0005652903491863981
0.0005649958009598776
0.000566346399136819
0.0005677198001649231
0.0005669417994795367
0.0005676442495314404
0.0005678829998942092
0.000566866050940007
0.0005663332005497069
0.0005693587503628805
0.0005675505497492849
0.0005674283020198345
0.0005677432985976338
0.000565887099946849
0.0006647250498645008
0.000696700849221088
0.0005649951985105872
0.0005685529991751537
0.0005678511486621573
0.0005649544007610529
0.0005674622516380623
0.0005665155011229217
0.000697814449085854
0.0005657962989062071
0.0005656594992615282
0.0005642548523610458
0.0005671043007168918
0.0005686701973900199
0.0005662731011398137
0.0005679807014530525
0.0005686520016752183
0.0005680633505107835
0.0005677684996044264
0.0007006872008787468
0.0005660417984472588
0.0005650699982652441
0.0005670453509083017
0.0005681519513018429
0.0005654281005263329
0.0005656355991959572
0.0005661753995809704
0.0005672953004250303
0.0005653570493450389
0.0005643886484904215
0.0005677758512319997
0.0005654743494233116
0.0005664544500177726
0.0006951530493097379
0.0005649803002597764
0.0005657189001794904
0.0005660270515363663
0.0005666107521392405
0.0005665349483024329
0.000565018251654692
0.0005660348513629287
0.0005657105502905324
0.000564865002525039
0.0005663963500410318
0.0005633526510791853
0.0005644512479193508
0.0005652485502650961
0.0005668622005032375
0.0005644168501021341
0.0005655065993778408
0.0005642059491947293
0.0006829972000559792
0.000563300002249889
0.0005643772019539028
0.0005652757012285292
0.0006937637983355672
0.0005643560492899269
0.000564612151356414
0.0005639323499053717
0.000566077049006708
0.0005648752994602546
0.0006959259510040284
0.0005627386504784227
0.0005645781027851626
0.0005657350498950109
0.0005637160473270341
0.0005651433020830154
0.0005650802020682022
0.0005647728976327926
0.0005638889502733946
0.000564004949410446
0.0005647804006002844
0.0006975315511226654
0.000567218751530163
0.0006950348993996158
0.000564703150303103
0.0006865720497444272
0.0005649049009662122
0.0005637968482915312
0.0005650356004480272
0.0005648121004924178
0.0005651109007885679
0.0005641916010063142
0.000693541599321179
0.000561696250224486
0.0005651241488521918
0.000562456451007165
0.0005643199023324996
0.0006944036518689245
0.00056373119878117
0.0005650717997923493
0.0005544281011680141
0.0006820323003921657
0.0006822805997217074
0.0005534830503165722
0.0005540457990719005
0.0005530279508093372
0.0005537713499506935
0.0005536826502066106
0.0005529693502467125
0.0005528328503714875
0.0005531717499252409
0.0006229587510460987
0.000553473350009881
0.0005548023997107521
0.0005548198998440057
0.000552878950838931
0.0005548271496081725
0.0005543300998397171
0.0005541573977097869
0.0005550551984924823
0.0005541541002457961
0.0005547128996113316
0.0005536005977774039
0.0005546508997213096
0.0005522117513464764
0.0005530804017325863
0.0005520091974176467
0.0005559382494539023
0.0005514510005014018
0.0005526634980924427
0.0005525640997802838
0.0005530458496650681
0.0005550867994315922
0.0005573037487920374
0.0005553786497330293
0.0005518113495782018
0.0005505624023498968
0.0005541991500649601
0.000552105950191617
0.0005524256994249299
0.0005526201508473605
0.0005529903486603871
0.0006820919516030699
0.0005530123016797006
0.0005508116504643112
0.0005535388016141951
0.0005528469511773438
0.0005535617994610221
0.0005534366995561868
0.0005533891002414748
0.000552404549671337
0.0005518930003745482
0.0005551155016291886
0.0005555365525651724
0.0006832101498730481
0.0005568294523982331
0.0005507130990736187
0.0005561447003856301
0.0005533060990273953
0.0005539914505789057
0.0006299130996922031
0.0005525846005184576
0.0005580959492363036
0.0005541228980291635
0.0005525050510186702
0.000682395847979933
0.0006819682021159679
0.0005544776504393667
0.0005531048984266818
0.0005560043500736356
0.0005526942491997034
0.0005544018495129421
0.0005560538498684764
0.0005538375000469387
0.000554498948622495
0.0005556235497351736
0.0005541244492633269
0.0005546533007873222
0.0005545808002352714
0.0005551401001866907
0.0005550814996240661
0.0005561550497077405
0.0005545279011130333
0.0005554152507102117
0.0005562482489040122
0.0005551403475692496
0.000554144149646163
0.000552920950576663
0.0005536797019885853
0.0005537063989322633
0.000554362847469747
0.0005526231980184093
0.0005537765508051961
0.0005552117014303804
0.0005523259518668055
0.0005543940496863797
0.0005530637019546703
0.0005546926986426115
0.0005533225019462406
0.0005540351499803364
0.0005528916517505422
0.0005526086984900758
0.000553830448188819
0.0005539304984267801
0.0005521983985090628
0.0005560857011005282
0.0005552534013986588
0.0005539759498788044
0.0005556014511967078
0.0005596914998022839
0.0005622036493150518
0.0005577050993451849
0.0005558722506975756
0.0005590968474280089
0.0005557327007409185
0.0005560868507018313
0.0005556133983191103
0.000556581249111332
0.0005551988520892337
0.0005545644526137039
0.000555121450452134
0.000557188899256289
0.0005546945496462286
