average_runtime 0.002178144943364896
0.002181662601651624
0.0021682253020117058
0.0021806482487590983
0.0021694805996958165
0.0021774886990897357
0.0021649305504979565
0.0021708510495955123
0.0021708501997636633
0.0022920607501873747
0.0021694105002097786
0.0021702900005038826
0.002168331848224625
0.0021647629007929938
0.002181767698493786
0.0021628715010592716
0.0021608044509775935
0.002166510699316859
0.0021672420523827897
0.0021797560999402775
0.002172573501593433
0.0021652981493389236
0.0021639560000039637
0.0021632566495100036
0.002165835950290784
0.002165378199424595
0.0021658790501533076
0.0021696505486033858
0.0021659902500687166
0.0021677557990187777
0.0021637658501276746
0.002167478349292651
0.002163777797250077
0.002163291702163406
0.0021725896978750823
0.002178459501010366
0.002165446849539876
0.002287301901378669
0.002264830900821835
0.002168972248909995
0.002165649348171428
0.00216733955021482
0.002161637050448917
0.002164620702387765
0.0021695939009077846
0.0022686807002173736
0.002167864449438639
0.0021762262011179702
0.0021719391021179034
0.0021683964994736018
0.002168687098310329
0.0021637712488882244
0.0021660674508893864
0.002170708301127888
0.0021638399979565293
0.0021694531984394415
0.002249546049279161
0.002167070301948115
0.0021642306994181125
0.0021720496006309986
0.002170433598803356
0.0021688264998374505
0.0021626157482387497
0.002167512499727309
0.002167102548992261
0.002282497749547474
0.002158419549232349
0.002160944597562775
0.0021681749494746327
0.0021639478974975644
0.0022547567496076226
0.0021700367506127805
0.0021673702518455683
0.0021673523995559664
0.002167770251980983
0.002167091250885278
0.002162359352223575
0.002170128549914807
0.002167769250809215
0.0021690589986974374
0.0021726506995037196
0.0021662053011823447
0.002176255150698125
0.002164200402330607
0.002164710350916721
0.0021686790481908248
0.002164826451917179
0.0021630493982229384
0.0021786590514238924
0.002179632199113257
0.00216950949979946
0.0021735138492658735
0.002263269800459966
0.00223933249944821
0.0021666854998329656
0.002162358199711889
0.0021700255980249493
0.00218337214901112
0.0022548932989593594
0.0021657112491084264
0.002162071052589454
0.0021653436502674594
0.0021648957510478793
0.0021672266011592
0.002171137198456563
0.002168100801645778
0.002165123799932189
0.002173403449705802
0.0021707340492866933
0.0022502738982439043
0.0021660241473000497
0.002258130451082252
0.002167448098771274
0.002168104250449687
0.0021683981991373
0.002177898050285876
0.002166108798701316
0.002167659701080993
0.0021636852994561195
0.002168423950206488
0.0023303295020014048
0.002166744598071091
0.002167632299824618
0.002173971201409586
0.0021671990485629066
0.002276696148328483
0.0021726489474531265
0.002168892399640754
0.00216529504978098
0.002270116098225117
0.0022620019502937795
0.0021659188001649453
0.0021657851000782104
0.002174398649367504
0.0021659931488102304
0.0021690594003302976
0.0021705345483496786
0.00217138169973623
0.0021659811493009327
0.0021659181511495262
0.0021710788016207514
0.002175207348773256
0.002170182700501755
0.0021752197499154136
0.002173276647226885
0.0021702853497117757
0.00217175665020477
0.002177895448403433
0.002165732000139542
0.0021834101498825476
0.002165053051430732
0.002177796699106693
0.0021643846004735677
0.0021708560991100965
0.0021635896497173234
0.002182115151663311
0.0021776304492959753
0.0021683213009964673
0.0021655356977134943
0.002171662150067277
0.002163391199428588
0.002166722298716195
0.0021690080990083515
0.002168017899384722
0.0021716150484280662
0.0021749538514995947
0.0021684964012820274
0.00217126100033056
0.0021684129489585756
0.002171912748599425
0.0022511789982672782
0.0021731747488956898
0.0021682500024326145
0.0021742860990343615
0.002167533099418506
0.0022509859991259873
0.0021693361486541107
0.0021718861506087707
0.0021649334492394702
0.0021741579519584777
0.0021697534510167317
0.002180168899940327
0.00225331470137462
0.002169225350371562
0.0021711269509978592
0.0021718745992984623
0.0021678266988601536
0.002171837948844768
0.0021663928520865737
0.002171810148865916
0.0021701141988160087
0.002173296399996616
0.00216838225023821
0.002268672900390811
0.0022577166993869467
0.0021695620991522445
0.002172479248838499
0.0021727004495915025
0.0021674148505553604
0.0021769092505564912
0.0021739857009379195
0.0021672936010872943
0.0022643466014415025
0.0021708411484723912
0.0021720563498092817
0.0021695614996133372
0.0021677595505025238
0.002172934252303094
0.002171561401337385
0.0021698753000237046
0.002170030350680463
0.002174083300633356
0.0021668189496267588
0.0021705694001866505
0.0021690004010451957
0.0021731427492341026
0.0021660060505382718
0.002173384398338385
0.002166990749537945
0.002172178300679661
0.0021744651516200975
0.002176074052113108
0.002166510600363836
0.0021700658515328543
0.0021719527518143877
0.002182844598428346
0.0021743244986282663
0.002172424050513655
0.0021679837489500644
0.0021708599000703544
0.0022204601496923714
0.002175708150025457
0.0021622542990371585
0.0021671649505151437
0.0021749563486082478
0.0021673293027561157
0.0021674101997632535
0.0021678488003090022
0.002166117200977169
0.0021753946493845433
0.0021656146011082454
0.0021672247006790713
0.002163494151318446
0.0021751257008872926
0.002165682052145712
0.002166472750832327
0.0021696965501178055
0.0021757578011602162
0.0021729936503106727
0.0021692234004149213
0.0021640930499415845
