average_runtime 0.0008812967593083157
0.0008746452978812159
0.000872787949629128
0.0008735211013117805
0.0008708783512702212
0.0008677456498844549
0.0008720129495486617
0.0008890032011549919
0.0008721987978788093
0.000875385949620977
0.000920426650554873
0.0008711213013157248
0.0008728458516998217
0.0008758640004089102
0.0008770589513005689
0.0008724854502361268
0.0008721105492440984
0.0008742539503145963
0.0009520215506199747
0.0008768669998971745
0.0009916815004544332
0.000873961899196729
0.0008744921477045863
0.0011524513509357348
0.0008930058509577065
0.0008736218005651608
0.0008720196492504328
0.00087255435064435
0.0008721953490749002
0.000871636948431842
0.0008726703992579133
0.0008730139525141567
0.0008727384003577754
0.0008742321515455842
0.0008704985986696557
0.0008725630003027617
0.0008692672505276278
0.0008739103010157123
0.0008712297480087727
0.0008718418015632778
0.0008726165018742904
0.0008757144503761082
0.0008727848005946725
0.0008754998998483643
0.0008719573001144454
0.0008731807494768873
0.0008723326493054629
0.0008737505006138236
0.0008747576008317992
0.0008740455494262278
0.0008706776512553916
0.0008738247997825965
0.000871105250553228
0.0008753431495279074
0.0008714769996004179
0.0008735944022191689
0.0008727951004402712
0.0008726857486180961
0.0008738347998587415
0.0008719342498807236
0.0008696434495504945
0.0008743396494537592
0.0008727692475076765
0.0008710475492989644
0.0008717693999642506
0.0008731137000722811
0.0008714224997675047
0.0008745061000809074
0.000874309049686417
0.000871711049694568
0.000872660952154547
0.000874126551207155
0.0008718799508642405
0.0008743369515286758
0.0008721269492525608
0.0008693064999533817
0.0008728295011678711
0.0008728604996576905
0.0008744355000089854
0.0008745162514969707
0.0008729047025553882
0.0008720091980649158
0.0008706460997927934
0.0008715265488717705
0.0008734502014704048
0.0008688866015290842
0.0008705400512553751
0.0008718091499758885
0.0008700797014171257
0.0008765631500864401
0.0008725055493414402
0.000876305450219661
0.0008727755513973535
0.0008729199995286763
0.0008777179988101125
0.0008728311484446749
0.0008741602505324408
0.0008728802000405267
0.0008715973992366344
0.0008773192501394078
0.0008738058502785861
0.0008714510011486709
0.0008766432496486231
0.0008727035485208035
0.0008749608008656651
0.0008759548974921927
0.0008739956509089097
0.0009494912519585341
0.0008717505494132638
0.0008745896018808707
0.000874098198255524
0.0008742683014133946
0.0008771099004661664
0.0008764779515331611
0.0008760556986089796
0.0008740385499550029
0.0008729188499273733
0.0008711603004485369
0.000872405749396421
0.0008718083525309339
0.000874455549637787
0.0008712470502359792
0.0008717344491742552
0.000885136000579223
0.0008859962515998631
0.0008846437005558983
0.0008841547998599709
0.0008847374003380537
0.0008848359488183632
0.0008862880000378937
0.0008820486516924575
0.0008827452984405681
0.0008811086503555998
0.000881046600989066
0.000883658797829412
0.0008843289513606578
0.000881631500669755
0.0008831858984194696
0.0008849896985339001
0.0008816399989882484
0.0008794978988589719
0.0008804350014543161
0.0008856607513735071
0.0008863421506248414
0.0008827923011267558
0.0008784118515904992
0.000881277400185354
0.0008826617005979643
0.000879714751499705
0.0008853722014464438
0.0008832880499539897
0.0008830923499772326
0.0008821505995001644
0.0008824086020467803
0.0008811352512566373
0.00088410530006513
0.0008810270490357652
0.0008838595997076482
0.0008811107516521588
0.0008830796985421329
0.0008807444479316473
0.0008812365005724132
0.0008808444516034796
0.0008820657996693626
0.0008802575001027435
0.0008809993509203195
0.0008815743000013754
0.0008841400005621836
0.0008833756000967696
0.0008831125014694408
0.0008822994015645236
0.0008811356005026027
0.0008815306471660733
0.0008832752500893548
0.000879347647423856
0.0008816443994874134
0.0008804603014141322
0.0008821983996313065
0.0008835505985189229
0.0008831985003780573
0.0008817177993478253
0.0008815739478450268
0.0008846747019561008
0.0008798346505500376
0.0008811340521788225
0.0008864847011864185
0.0008810144499875605
0.0008811071515083313
0.000879796949448064
0.0008806527999695391
0.0008811984997009858
0.0008808865997707472
0.0008819452486932278
0.0008827454992569983
0.0008776762988418341
0.0008803665492450819
0.0008836623019305989
0.0009609550499590114
0.0008838744019158184
0.0008817128487862647
0.0008834125503199175
0.0008843693998642266
0.0008830231992760674
0.0008833042491460219
0.0008840118010994047
0.0008843623014399782
0.0008847753488225862
0.0008816472516627982
0.0008833344996673987
0.0008855506515828892
0.0008847654476994649
0.0008873812010278925
0.0008833380503347144
0.0008827092504361644
0.0008821063995128498
0.0008840038499329239
0.0008831870480207726
0.0008843488001730293
0.0008825624507153406
0.0008844486001180485
0.0008816916000796482
0.000886084049125202
0.0008899964013835415
0.0008874704508343711
0.0008835151005769148
0.000884150349884294
0.0008798350492725149
0.0008827534009469673
0.0008864543488016352
0.000885147848748602
0.0008840488997520878
0.0008811084000626579
0.000883919800980948
0.0008849862992065027
0.0008832597493892535
0.0008829569997033104
0.0008847284014336764
0.0008841707516694441
0.0008871537982486188
0.0008846309996442869
0.0008856583503074944
0.0009635634982259944
0.0008818824484478682
0.000880882699857466
0.0008837248984491453
0.0008846758515574038
0.0008793253975454718
0.0008801515999948606
0.0008834703010506928
0.0008811336010694504
0.0008824131014989689
