average_runtime 0.00823343917443417
0.007956672005821019
0.008667350793257356
0.00794365539913997
0.007922915404196828
0.007932086591608822
0.007921945000998677
0.008628991805016995
0.00862720999866724
0.007937426608987153
0.007851507607847452
0.007959176995791494
0.007951950002461673
0.007328180992044508
0.007952723198104649
0.008680054801516235
0.007841652398929
0.007942612597253174
0.007950888609047978
0.008720651199109853
0.008724634198006242
0.008660901605617255
0.008663470402825623
0.008656725601758808
0.0086589167942293
0.007854093401692807
0.007953434600494802
0.007843086402863264
0.008655127603560686
0.008678075589705259
0.007955559203401208
0.008644651994109154
0.008666134194936604
0.00795298459706828
0.008664693997707218
0.007949727599043398
0.00796670779818669
0.008677405398339033
0.008658433402888476
0.00865759520092979
0.008685255597811192
0.008377179596573114
0.007974244002252818
0.007901596394367516
0.007996522204484791
0.00799888459732756
0.008735109202098102
0.00788150039734319
0.008001638401765376
0.008711431990377605
0.007891141599975527
0.008680682408157735
0.007871395000256598
0.007993734406773001
0.008691002998966723
0.008697632199618966
0.007887530594598503
0.008693109208252281
0.007991273992229254
0.007984918996226043
0.007999002805445344
0.008028838399332017
0.007989284198265523
0.007987499004229903
0.007904038007836789
0.00788056100718677
0.008682681596837938
0.00799112239619717
0.008686994994059205
0.007880637794733048
0.007866816595196724
0.008694966800976544
0.007991187204606832
0.008692846994381397
0.008006239391397685
0.008687545405700802
0.007986417994834483
0.00868323219474405
0.008014134003315122
0.008674967591650784
0.007979807397350668
0.00867153339786455
0.007995305594522505
0.007995644793845713
0.007984588202089072
0.007854924199637025
0.008694373397156596
0.00867556279990822
0.007975812396034598
0.007974657998420297
0.007978393405210227
0.007998406002297998
0.007988673204090446
0.007967968599405139
0.00798059399239719
0.008681424206588417
0.008686370402574538
0.008681472402531653
0.008677657996304333
0.007858275005128234
0.008726942806970329
0.008673792995978147
0.00788037539459765
0.007987783208955079
0.00868085219990462
0.007850726798642427
0.007974520395509898
0.00869378880597651
0.007985068007837982
0.00787107739597559
0.007900548400357366
0.007996560400351882
0.008678096008952706
0.00789073419291526
0.007980792201124132
0.008720871608238668
0.007990050397347659
0.008682619000319391
0.008692010201048105
0.00867472740355879
0.008684953197371215
0.007997158193029463
0.008690871007274836
0.007973106997087597
0.00798523819539696
0.00868658940307796
0.007988129591103644
0.007973733206745237
0.007978541601914912
0.008592246391344815
0.0079800354084
0.008669382997322828
0.007856860605534166
0.00784678200725466
0.007956111000385135
0.007992736995220184
0.007989673991687596
0.007960898196324706
0.008674924995284527
0.007895697804633528
0.00868882059585303
0.008660151006188244
0.007863422599621117
0.008655211597215384
0.007971205399371684
0.007854067406151443
0.007961044204421341
0.00794717880198732
0.00784967780346051
0.008651586598716676
0.008655361994169653
0.007954187993891536
0.007821125991176814
0.007949770393315703
0.007846325205173343
0.00785377259599045
0.0086840566014871
0.008643194800242782
0.007849187206011266
0.00864045440685004
0.008655490400269628
0.007852520199958236
0.00795587319880724
0.007849722390528769
0.008640833804383874
0.007850506401155144
0.007949126209132374
0.007954683201387525
0.009035018400754779
0.007951417192816734
0.008651889802422374
0.0079607771942392
0.007948492595460266
0.008650402398779988
0.007837294007185847
0.007942518999334425
0.007875094190239906
0.007949865807313472
0.008657905005384237
0.008656586601864547
0.00795929719461128
0.007893037202302366
0.008588457002770156
0.007891335000749677
0.008601042395457625
0.008572989597450942
0.008575725206173956
0.007878683798480779
0.007779554999433458
0.008593287807889283
0.008598128007724882
0.008590874599758536
0.007775512000080198
0.00858719260431826
0.0077886734041385354
0.007888503209687769
0.007787297002505511
0.007915903395041824
0.008634951000567525
0.008663074590731411
0.007962230790872127
0.007844419998582453
0.007844171195756644
0.00788181780371815
0.00856947440188378
0.008568049606401474
0.008586125797592103
0.008573575806804002
0.008555380802135915
0.007911690208129585
0.007885547599289566
0.007986273791175336
0.008686966402456165
0.00868128560250625
0.008677508600521832
0.008672428200952709
0.007898162608034909
0.008676652994472534
0.008679632795974612
0.007968783599790186
0.008682502596639097
0.008701225207187236
0.008680796390399337
0.007873675203882158
0.00867560519836843
0.008677114592865109
0.007994586206041276
0.008676392608322203
0.008693193399813027
0.007871358597185463
0.00866539659909904
0.009332265995908529
0.008033903199248016
0.00866716739255935
0.007881231000646948
0.008675998589023948
0.008680072601418943
0.007974442595150321
0.007982304401230067
0.007970589806791394
0.008676722599193453
0.007864135189447553
0.007843894406687469
0.007868248806335031
0.008608462009578943
0.00787305940175429
0.007861526601482182
0.00857173060066998
0.008586452796589584
0.007730160595383495
0.008567135396879167
0.00790300799999386
0.007872361200861632
0.007764199993107468
0.007874075206927955
0.008588362799491734
0.007869627000764013
0.007761879602912814
0.007754308194853366
0.007869482808746397
0.007899406598880887
0.008569164993241429
0.007875740004237741
0.007801385002676397
0.008606897795107215
0.007744140806607902
0.008576450601685793
0.007867478602565824
0.007868745608720928
0.00776181019609794
0.00856134359491989
0.007863196393009276
0.007864758593495936
0.007779566396493465
0.007751449209172279
0.00787194239674136
0.00859965659910813
0.00776130500016734
0.0077670937986113135
0.007762522995471954
0.008572544599883259
0.007874772802460938
0.007872915198095142
0.007774963800329715
0.007876076805405318
0.0077520526014268395
0.008571895002387465
0.008581816195510327
0.008559020794928074
0.008558796194847673
0.008573160402011126
0.008569840202108025
0.008585165406111627
0.007877049793023616
0.008580955991055817
0.008575096796266734
0.008339933597017079
0.007976920797955245
0.007903877005446702
0.007977533794473857
0.008697489404585212
0.008679057401604951
0.007861034793313593
0.00867598979966715
0.007860211399383843
0.007965682202484458
0.007981051609385758
0.008672729204408824
0.008685188600793481
0.008687785803340375
0.007852979004383087
0.007993815396912397
0.007860095601063221
0.008670873392838984
0.008672217198181897
0.008665506995748728
0.007982714206445963
0.008672575803939254
0.00869004960404709
0.008671456994488836
0.008681505196727812
0.00867683660471812
0.008708746801130474
0.00866459560347721
0.00866312519647181
0.00867100419709459
0.00857685540104285
0.007874246803112328
0.008564215200021864
0.008559643605258316
0.007751853601075709
0.008613624796271323
0.008563562191557138
0.00776060160715133
0.007789410406257957
0.008567393606062979
0.007867014594376087
0.007765223400201649
0.007864405203144997
0.008566294994670898
0.007866836793255061
0.007865020807366818
0.008571331400889903
0.008601305400952696
0.007856115000322461
0.008557819400448353
0.008571221202146262
0.008553339005447923
0.007768714404664934
0.007861659408081322
0.007869197800755501
0.008558501000516116
0.007858991995453835
0.008607175992801785
0.007758691604249179
0.008550202194601297
0.008559206803329288
0.008547231403645128
0.008574860403314233
0.0078576483996585
0.007867099600844085
0.008558959793299436
0.008564492606092244
0.008556787797715515
0.007859934796579182
0.008562753594014793
0.008603848004713654
0.00785214159404859
0.00856609180336818
0.008546620199922472
0.008634572802111506
0.008546626998577268
0.007767434197012335
0.007752874598372728
0.007868147001136094
0.007868736796081067
0.007751645590178669
0.007845187198836357
0.008555886999238283
0.007862516399472951
0.008570579800289125
0.00854878620011732
0.008572354807984083
0.00775083180051297
0.007862854201812297
0.008557884395122528
0.007882171403616666
0.008568672393448652
0.008589867397677153
0.007874359202105552
0.007869023992680014
0.008574886189308017
0.008574616198893636
0.008589467802084982
0.007883467397186905
0.007896231196355075
0.007897719799075276
0.007892912602983415
0.007861768000293524
0.008561378007289022
0.008597757399547845
0.00776191420154646
0.008556677598971874
0.007864004001021385
0.008580345206428319
0.008575988607481122
0.0078627948067151
0.008569651399739087
0.008586078009102494
0.0078779106028378
0.008577272400725634
0.00791311780922115
0.007797194994054735
0.008564372197724879
0.008581863390281797
0.00856703999452293
0.007870249194093048
0.007869302597828209
0.00858439620351419
0.008562867005821317
0.007907198206521571
0.007867556205019355
0.008964758599177003
0.0077521897968836125
0.008580026600975543
0.0077677588094957175
0.00786873979959637
0.008557995001319795
0.008571800601202995
0.007869204599410295
0.007863965595606714
0.008582543802913279
0.00787164520006627
0.008616243000142276
0.00785563960671425
0.007859830395318568
0.008565192599780858
0.008563134004361928
0.00787243020022288
0.007869084598496556
0.008568374591413885
0.008576001599431038
0.00786787379765883
0.008567134209442884
0.007890860596671701
0.007861380802933127
0.007901396800298244
0.008602136198896914
0.007877496595028788
0.007300156599376351
0.008554547000676394
0.008581089996732771
0.008571493602357805
0.007861990202218293
0.008576767204795032
0.008565488806925713
0.007866857398767024
0.007762929599266499
0.007861352409236133
0.0078791897976771
0.008570130006410182
0.008577445393893868
0.008577302808407693
0.008571390993893147
0.008574822405353188
0.007862755400128662
0.007873308204580098
0.007750578003469855
0.00857660659821704
0.007758801197633147
0.007781368598807603
0.008563033002428711
0.0078751988010481
0.008570874202996492
0.007883582205977291
0.007762637210544199
0.007873954600654542
0.007865610800217837
0.008609364193398505
0.008591284998692572
0.007825253799092024
0.0079629720072262
0.007872436998877675
0.007792164408601821
0.007757013000082224
0.007888200995512306
0.0077597846044227484
0.007764082599896938
0.0085926924017258
0.007771155796945095
0.008570561790838838
0.007858653401490301
0.008596909593325108
0.008578849991317838
0.008568338805343956
0.008572236995678394
0.008585277397651225
0.007763985404744744
0.008565507200546562
0.007758763199672103
0.00858102140482515
0.00858130760025233
0.00787097259890288
0.00857089679921046
0.00857053539948538
0.007878128194715828
0.008577235392294824
0.007765743404161185
0.0077915598056279125
0.007862381404265761
0.008578478603158145
0.007852496393024922
0.007753964199218899
0.008582345396280288
0.0085723398020491
0.007869628199841827
0.007880431204102933
0.007770973804872483
0.007873716601170599
0.008016009198036045
0.008656035200692714
0.00861385859316215
0.007914567005354912
0.008620201202575117
0.00790322779212147
0.007910748606082051
0.007923452404793353
0.00780268160160631
0.008614692208357155
0.007897036394570022
0.00862126360880211
0.00791125079849735
0.008621406997554005
0.007795477798208594
0.008608520193956793
0.007905625202693046
0.007899167004507036
0.007834342599380761
0.008613466809038073
0.0078035381971858445
0.007913226599339396
0.007791366998571902
0.008613883797079325
0.008617160795256495
0.008613363397307694
0.007900256803259254
0.0086042599985376
0.007940002589020879
0.007875406194943934
0.008194798603653908
0.008625080401543528
0.008615421399008482
0.008713747607544065
0.007882173801772297
0.0086161651997827
0.008604776998981833
0.008616297401022165
0.008593839802779257
0.008603272598702461
0.007902512804139405
0.008623781602364034
0.00863775999750942
0.007909964991267771
0.008594291599001736
0.00780026939464733
0.008596194605343044
0.007803550397511572
0.008600109396502376
0.007779324799776078
0.008594503602944314
0.008612515800632537
0.008626660401932894
0.007808322994969785
0.007910109602380543
0.008606011606752872
0.007894812000449747
0.007890038401819765
0.008591680193785579
0.007781313790474087
0.008599096990656108
0.007913901400752366
0.00862728760112077
0.008608445606660098
0.007777184993028641
0.008606719796080142
0.0085888292058371
0.007908842607866973
0.00860463579883799
0.00790660580387339
0.008589484402909875
0.007896165398415178
0.007901076797861607
0.007797813194338232
0.007796751998830587
0.00860511619830504
0.008602250600233674
0.008612118603195995
0.00860632919939235
0.007905837392900138
0.008599467796739192
0.008601648802869021
0.008600265998393298
0.007903559401165694
0.007795638404786587
0.008597602602094412
0.008616354002151638
0.008608080598060041
0.007909936795476824
0.00792239240836352
0.00789826139807701
0.008617137605324388
0.007911817403510213
0.008965437393635511
0.008616600604727864
0.008607805997598916
0.0078031002078205345
0.00862465719692409
0.008611649391241372
0.008627770992461592
0.007956590608227999
0.008615942404139787
0.00791472060373053
0.008628737810067833
0.008625871990807355
0.007914520404301583
0.007786375202704221
0.007915538991801441
0.008616500801872462
0.007912227802444249
0.007910327601712197
0.008613268402405084
0.00789954699575901
0.007853859791066498
0.007938768400344997
0.007914755609817803
0.007890192605555058
0.007922039600089192
0.007800974999554455
0.00728873040061444
0.00861269939923659
0.00861020120792091
0.00791088619735092
0.008616146398708224
0.007908658403903247
0.007919931795913725
0.007911911001428962
0.007917517400346696
0.008606742799747736
0.008615584601648152
0.007910268404521048
0.007949924608692528
0.007808673602994531
0.008648306399118155
0.008603590202983468
0.008609893207903951
0.0086161436047405
0.008625936799217016
0.007920094206929207
0.008686705399304629
0.007923539204057306
0.007917906192597001
0.007907267205882817
0.007910871191415935
0.008634726994205266
0.007911186199635267
0.007904186798259615
0.007919334201142192
0.007909526990260929
0.007908674201462417
0.007906095206271857
0.008621677604969591
0.007896491594146937
0.007921538397204131
0.008606129605323077
0.00791077020112425
0.007809531199745834
0.007920716796070338
0.007918343599885701
0.008612967398948967
0.007802141597494483
0.008612450398504733
0.007898037403356284
0.008618294599000365
0.008608257200103253
0.00790932000381872
0.008622755005490035
0.007904005004093051
0.00860709099797532
0.00790834560757503
0.00791215900098905
0.007898625591769815
0.007933204201981426
0.0079301951918751
0.007918626395985484
0.007920236594509333
0.008610820397734642
0.008633071393705904
0.008614171796943992
0.008620052807964384
0.007913104991894215
0.007917831803206354
0.007905444200150668
0.007917741406708955
0.00861813819501549
0.007906600402202457
0.007912135205697269
0.008635011990554631
0.008612994593568147
0.007926974806468933
0.008616015990264713
0.007918904395774006
0.008615114004351198
0.007916551805101335
0.0077857229975052174
0.008016503800172358
0.00867555959848687
0.008688105398323386
0.007970947003923357
0.007868334406521172
0.007956301805097609
0.008663443801924586
0.007864156004507095
0.00784829679178074
0.007978021795861424
0.007972370798233897
0.00867147259414196
0.008669325604569168
0.008657860208768398
0.007942270592320711
0.007964134600479155
0.008671474806033076
0.007857142994180322
0.008661394403316081
0.007959397602826357
0.007957023393828422
0.00865805420326069
0.007965362805407494
0.008775308192707599
0.008680420997552573
0.009069011604879051
0.008680297201499343
0.008665473200380802
0.007834333798382432
0.007957908604294062
0.007854107592720538
0.008644587395247072
0.007960808009374886
0.008660340192727744
0.008672016602940858
0.007964424998499453
0.008656059601344168
0.00865598740056157
0.008650504401884973
0.008657022600527853
0.008655305998399854
0.008737054199445992
0.008657493197824806
0.007844700000714511
0.008666303392965346
0.008674129191786051
0.00795711240498349
0.007861115597188472
0.007854531204793602
0.008663661999162287
0.007953081594314427
0.008651682792697101
0.007969657599460334
0.008664175600279123
0.007959569408558308
0.00865900240605697
0.00865211159689352
0.008656448405236005
0.008687305799685418
0.007955895003397018
0.00867156779859215
0.007909975794609636
0.007975688995793461
0.007973568001762032
0.00797438140725717
0.007963170192670076
0.008670615800656378
0.00796236660098657
0.008682844392023981
0.008683265803847462
0.007862809801008553
0.008664460806176066
0.007876237202435733
0.007967429200652987
0.008664433402009309
0.007899837405420839
0.007973025797400623
0.008682156796567142
0.007988142594695092
0.007860498398076742
0.007968808407895267
0.008653105411212891
0.008667867199983447
0.008657275000587106
0.007867924403399229
0.00868031099671498
0.008676439395640046
0.008316577400546522
0.008671950793359428
0.007967237196862698
0.007984939601738007
0.00798524779966101
0.007999337196815759
0.008002566394861788
0.008716736803762615
0.00787154840072617
0.008278452395461499
0.007869154203217477
0.008690598595421761
0.008686427597422153
0.008007530798204243
0.007882698602043093
0.008000776602420956
0.008688348799478263
0.008699211396742613
0.007992388389538974
0.007981648005079478
0.008077616593800485
0.007900149398483335
0.008689730800688267
0.008699416602030396
0.008004937798250466
0.00789299599127844
0.007989636401180177
0.007982031803112476
0.008677886205259711
0.00868488639825955
0.00869281180202961
0.007980112603399902
0.007991069403942674
0.007900404196698218
0.008682412002235651
0.008727548003662378
0.008689672593027354
0.008003201405517756
0.007998009200673551
0.007993076601997018
0.007854134007357062
0.008711887593381106
0.007996892801020294
0.00861649219878018
0.00777370979776606
0.007895120396278798
0.008577645209152251
0.008578532794490456
0.008577088394667953
0.008575319405645132
0.008559358201455324
0.007891650591045619
0.007855191198177635
0.007905932399444282
0.008582889998797328
0.007867690396960825
0.007861538405995816
0.007871935400180519
0.008584438601974397
0.007864740397781133
0.007868226000573486
0.00785780359292403
0.008561134606134146
0.007759234006516636
0.008564959594514221
0.00857491760980338
0.008562481601256878
0.00856081061065197
0.007865790999494493
0.007768207008484751
0.007848885003477335
0.008569542795885354
0.008555256004910916
0.007751777803059667
0.008574702998157591
0.007868885202333331
0.00856434740126133
0.007870714995078743
0.008564701408613474
0.007876206596847624
0.0087305938010104
0.007900480995886028
0.00788660099497065
0.008695194590836763
0.007836003601551057
0.007944863999728113
0.007957452803384512
0.008657793398015201
0.008635688398499042
0.007943423208780586
0.008645835192874074
0.007937272603157908
0.008642179192975163
0.008638795593287795
0.007928526995237916
0.00792155519593507
0.008624001999851316
0.008642790000885725
0.008632557198870927
0.007828509993851184
0.008630217798054219
0.00864928199443966
0.007887384400237351
0.007884259999264032
0.008677282591816039
0.008686825004406273
0.00799483839655295
0.00799119599396363
0.008705430803820491
0.008737839199602604
0.007979131198953836
0.00785758380079642
0.008680625399574638
0.008007047802675516
0.00788797220448032
0.008692457398865372
0.008686974400188775
0.007891410600859673
0.007993043400347233
0.008686971408315003
0.007893574808258563
0.007897567795589566
0.008662533399183303
0.008682510792277753
0.008697974192909897
0.00868154299678281
0.007995617599226535
0.007996954198461026
0.008049986197147519
0.007898392202332617
0.008681195601820946
0.007996202004142106
0.008677329390775413
0.007893325795885175
0.007997978606726974
0.008725332200992853
0.007981820998247713
0.008690786000806838
0.007987722801044584
0.007878454599995166
0.008707402599975466
0.008699189603794366
0.007868766598403455
0.008694694400765002
0.007985206798184662
0.00867744960123673
0.007998170389328152
0.007992821792140604
0.007858297997154295
0.008688052603974938
0.007891669403761625
0.0078716441988945
0.008714140206575394
0.008009109599515795
0.008697485609445721
0.008013801404740662
0.007998352393042297
0.007906967401504516
0.007883442600723356
0.007901777001097798
0.007905199599917978
0.008704904408659786
0.007877696200739592
0.008714442607015371
0.008707581798080354
0.007995482604019343
0.007879099401179701
0.008741064206697046
0.007987863989546895
0.008697060600388795
0.0087120481999591
0.00872632539831102
0.008703594200778753
0.007872994604986161
0.00800032919505611
0.007994419394526631
0.008695777994580567
0.007919169799424707
0.008687959797680379
0.00798952120821923
0.00798525019781664
0.008714073803275824
0.007886193599551916
0.00870549539104104
0.008029316004831344
0.00789242199389264
0.007995655399281532
0.0087063406012021
0.00799949640640989
0.008000173000618815
0.007990039000287653
0.007979119208175688
0.008681496989447623
0.007873049797490239
0.00868767499923706
0.008708276401739568
0.00786279960302636
0.008010798005852849
0.008714338997378945
0.008000503992661834
