average_runtime 0.0021662049943348394
0.0023762105964124204
0.002175477403216064
0.0021869645919650794
0.002174932591151446
0.002170777996070683
0.0021739906049333515
0.0021773052052594722
0.002165527397301048
0.002168087800964713
0.002114954392891377
0.00216939200181514
0.002170652593486011
0.002110347000416368
0.002167491801083088
0.0021738362032920123
0.0021696835989132523
0.0021661952021531762
0.002162584802135825
0.00216664558975026
0.0021613565972074867
0.0021610161988064648
0.0021646784036420284
0.002162129199132323
0.0021613876102492212
0.002155506797134876
0.0021491877967491748
0.0021513179992325602
0.002159016998484731
0.0021632923977449535
0.0021618408034555616
0.0021626519970595836
0.002154506999067962
0.002162073994986713
0.0021632547955960034
0.002147656003944576
0.0021395458024926484
0.0021532149985432625
0.0021458238014020027
0.002146196807734668
0.002141919801943004
0.00214589360402897
0.0021482614101842046
0.0021416749921627344
0.0021707655978389084
0.0021705334074795246
0.00216349340043962
0.0021724488004110755
0.0021687588072381915
0.002163388405460864
0.0021678168093785645
0.0021707078092731537
0.002134208788629621
0.0021700893994420767
0.002175709209404886
0.0021449147956445814
0.0021547661977820098
0.0021551762009039523
0.0021475601941347124
0.0021485136006958784
0.0021524718031287193
0.0021494605927728115
0.002151148801203817
0.0021613262011669575
0.002169080008752644
0.002117862389422953
0.002172075200360268
0.002162417594809085
0.0021709001972340046
0.002153867401648313
0.0021083005936816334
0.0021607263945043085
0.002159587002824992
0.0021515818079933524
0.002147334406618029
0.0021506123943254352
0.00215869719395414
0.0021719975979067386
0.002160533599089831
0.0021519872010685504
0.002154294401407242
0.002154953801073134
0.002146661398001015
0.002151583798695356
0.002148038195446134
0.0020990636083297433
0.0021532293991185724
0.0021506879944354295
0.0021494833985343576
0.0021463786019012333
0.002159313193988055
0.002139630203600973
0.0021525713964365423
0.002158198191318661
0.0021433488000184298
0.002157679002266377
0.0021502217976376416
0.0021489153965376317
0.0021495857974514363
0.002102698408998549
0.0021485415985807777
0.00214195599546656
0.0021412755944766105
0.002149812807328999
0.002150795399211347
0.002101477200631052
0.0021453315974213185
0.0021453509922139346
0.002153624198399484
0.002155192196369171
0.0021517051965929566
0.0021451874054037035
0.0021372062037698925
0.0021447806037031116
0.002152536401990801
0.0021683596074581145
0.0021715202019549906
0.002164019399788231
0.0021790412021800874
0.002164187200833112
0.0021929887938313187
0.0022032519918866456
0.0021969577996060253
0.0021780921961180866
0.002175795799121261
0.002178669604472816
0.0021677717915736137
0.002167953597381711
0.002166199602652341
0.002170025196392089
0.0021840021945536137
0.0021786636090837417
0.0021650416078045965
0.0021802281960844995
0.0021688084001652897
0.0021653885953128336
0.0021730646025389434
0.002158307598438114
0.0021546978037804364
0.0021601072046905758
0.002143964997958392
0.0021389678004197776
0.0021767548052594064
0.0021797263994812965
0.002188457001466304
0.002187105198390782
0.0021854283986613154
0.0021781854098662733
0.0021860909997485577
0.002174902206752449
0.0021804868010804057
0.0021788403973914683
0.0021304017980583014
0.0021695178002119064
0.002179544803220779
0.0021316266036592426
0.002185876993462443
0.0021705714054405688
0.002178738999646157
0.0021811559912748636
0.002177952392958105
0.002113478002138436
0.0021675256080925464
0.0021244593895971774
0.0021727151935920118
0.0021715630078688263
0.002176627400331199
0.0021737428032793105
0.002173901000060141
0.0021567171905189754
0.0021651413990184665
0.002157083002384752
0.0025530456099659205
0.002157263597473502
0.0021060809958726168
0.0021526650059968235
0.002157974801957607
0.0021543208044022323
0.002156112401280552
0.002155951992608607
0.0021527434000745416
0.0021574815968051554
0.0021571591962128876
0.002155121404211968
0.0021620844025164844
0.0021593571989797057
0.0021671405993402004
0.0021594738005660473
0.0021624063956551254
0.0021509689977392554
0.002154521399643272
0.0021521791932173073
0.002153019793331623
0.00215345659526065
0.002163832995574921
0.002157995803281665
0.0021583499968983234
0.0021644216030836105
0.002155171800404787
0.002152917196508497
0.002155706996563822
0.0021615840028971433
0.002160697802901268
0.002150073798839003
0.0021518129971809683
0.00214886519825086
0.0021586430026218294
0.0021568643976934256
0.002148771600332111
0.002161024394445121
0.0021631894051097333
0.0021571469958871605
0.0021608070004731418
0.0021570832002907993
0.00216377719771117
0.0021645358065143228
0.002158069598954171
0.002154144400265068
0.0021601762040518225
0.002154444600455463
0.0021577096078544853
0.00215436500729993
0.0021766102057881654
0.0021768928039819003
0.002174844592809677
0.0021732595982030035
0.0021417862037196754
0.002145158010534942
0.002137416391633451
0.0021001895889639854
0.0021478754002600907
0.0021360538084991276
0.002142317604739219
0.002145410398952663
0.0021325768087990583
0.0021358262049034236
0.0021360653918236494
0.002157467801589519
0.0021587891969829798
0.0021654212032444775
0.0021495417924597858
0.0021103667910210787
0.0021185691934078933
0.002158910606522113
0.0021524053998291494
0.0021568428026512267
0.0021727765910327435
0.002168348408304155
0.00221351720392704
0.0021269691991619767
0.0021851959987543522
0.0021843745955266057
0.0021819577901624142
0.0021406247979030013
0.002191884408239275
0.002152885601390153
0.002159071003552526
0.0021504372009076176
0.002101118199061602
0.0021477445960044863
0.002154711203183979
0.002153339795768261
0.0021538397995755076
0.0021462771925143897
0.002148474392015487
0.0021063474006950854
0.002155137003865093
0.0021457920083776116
0.0021419707918539643
0.002158255793619901
0.0021558778011240066
0.0021557584055699407
0.0021913147997111083
0.0021457433933392165
0.002142334601376206
0.0021845813957042993
0.0021852020057849587
0.0022064551943913103
0.002140174200758338
0.002173933607991785
0.0021650117938406765
0.0021686065942049027
0.0021703610080294313
0.0021648486028425394
0.0021667626104317607
0.002114453399553895
0.002164994808845222
0.0021730998065322637
0.002169262804090977
0.002162449399475008
0.00216781459748745
0.002162022201810032
0.0021706760046072303
0.002164921199437231
0.0021567441988736393
0.0021879052044823767
0.0021878533996641638
0.0021761488053016363
0.002177795395255089
0.002178225200623274
0.0021838357904925944
0.002174372400622815
0.0021423013997264205
0.002173350006341934
0.0021299663931131363
0.0021767690079286693
0.002173522405792028
0.0021690303925424813
0.002182013390120119
0.0021711920038796962
0.0020993757992982865
0.0021467279992066325
0.0020968472003005446
0.0021751407999545335
0.00217858599498868
0.002178515400737524
0.002195727196522057
0.0021893913974054156
0.0021910927956923843
0.002172517392318696
0.002173267398029566
0.0021768491948023438
0.0021894424105994405
0.0021956322016194463
0.002189301804173738
0.0021814618026837706
0.002190261206123978
0.002191740192938596
0.0021920246072113514
0.0021759439958259465
0.0021809743950143455
0.0021805183961987494
0.002176361798774451
0.002177720400504768
0.0021823287941515447
0.0021822376060299576
0.002182864595670253
0.0021919148042798043
0.0021905986010096966
0.0021731780027039347
0.002187161589972675
0.00218911919509992
0.0021928531932644546
0.0021839960012584926
0.0021951189963147046
0.0021894986042752863
0.0021810660022310913
0.0021760407951660456
0.0021898897946812214
0.0021912203985266386
0.0021817340049892662
0.0021919530001468955
0.0021969381952658294
0.0021952070062980058
0.0021894949954003096
0.002194865804631263
0.002186776604503393
0.0021831799997016786
0.0021933333948254584
0.0021811707993038
0.002187704399693757
0.0022252265946008263
0.0021717479918152093
0.0021374061936512588
0.0021359291975386442
0.0021359728067182004
0.002143576997332275
0.002143232396338135
0.0021406381973065438
0.0021375103970058262
0.002139177604112774
0.0021417960058897735
0.0021451836102642117
0.002132107398938388
0.002146492199972272
0.002140229206997901
0.0020937434048391877
0.0021427397965453564
0.00213490299647674
0.002136102400254458
0.0021373693947680295
0.0021349923918023705
0.002184751199092716
0.0021786296041682363
0.002180572203360498
0.002199651801493019
0.0021895220037549735
0.002174459001980722
0.0021821814007125795
0.0021871806005947293
0.002187653398141265
0.002176559204235673
0.002177140605635941
0.0021775959990918635
0.0021887272014282644
0.0021868679905310273
0.002191311598289758
0.002187230798881501
0.002189433202147484
0.0021864727954380215
0.002187662001233548
0.0021493609994649885
0.002188666199799627
0.0021845153998583553
0.002186792599968612
0.002178430394269526
0.002185343799646944
0.0021869348012842236
0.0021806573960930107
0.0022118699969723822
0.002172884403262287
0.0021834410028532146
0.002177255996502936
0.002194290794432163
0.002187206200323999
0.0022202338092029094
0.002185022400226444
0.0021847551921382546
0.002196495607495308
0.002197704999707639
0.002183299802709371
0.0021816689986735582
0.002183063793927431
0.0021770910010673107
0.002179163391701877
0.00216147139435634
0.002153651404660195
0.0021537809981964527
0.0021563849993981423
0.002160175598692149
0.0021532382001169027
0.002153865399304777
0.002154006389901042
0.002177339803893119
0.0021740903961472214
0.002174465206917375
0.0021881025983020662
0.0021802715957164763
0.002181979606393725
0.0021746805985458197
0.0021828594035468996
0.0021781409974209963
0.002172453806269914
0.0021747176069766283
0.002183337602764368
0.002181124803610146
0.0021825253963470457
0.0021692261914722623
0.002184242405928671
0.002125908003654331
0.0021795011940412222
0.002439512999262661
0.002179222006816417
0.0021850386052392422
0.002176340599544346
0.002181750407908112
0.002178856998216361
0.002122343797236681
0.0022215007920749485
0.002176517597399652
0.002187327400315553
0.0021869215997867286
0.0021874612080864607
0.002190994203556329
0.0021887092036195098
0.0021884531946852804
0.002185934397857636
0.0021166638005524875
0.0021717205992899833
0.0021280471934005617
0.002169227402191609
0.0021569270058535038
0.0021709962049499152
0.002175649791024625
0.0021712354035116734
0.0021637815982103346
0.002170740009751171
0.002179552393499762
0.0021848211996257304
0.002178228402044624
0.0021299861953593792
0.0021731129963882267
0.002166624600067735
0.0021559773944318295
0.0021180087933316827
0.0021650131908245384
0.00211709700524807
0.0021611185977235435
0.0021600883919745684
0.002159280399791896
0.00216276019345969
0.0021602981956675648
0.0021539565990678967
0.0021599123952910303
0.0021635761950165033
0.0021630064002238214
0.002161762793548405
0.002172819199040532
0.0021618492086417974
0.0021190789993852377
0.002165504405274987
0.002159678400494158
0.002153940801508725
0.002159379597287625
0.002165506000164896
0.002160544402431697
0.002157624193932861
0.0021586318034678698
0.0021650834009051324
0.0021601243992336095
0.002158753597177565
0.002168871194589883
0.0021659706020727755
0.002153797005303204
0.002166979794856161
0.002170889999251813
0.0021630106028169395
0.002171289990656078
0.0021626917994581165
0.0021608917973935603
0.0021620342042297123
0.002167113602627069
0.0021632808027789
0.002160375996027142
0.002166455995757133
0.0021594593999907374
0.002154356800019741
0.0021602258086204527
0.00215612220345065
0.002158527192659676
0.002160490199457854
0.0021407246007584036
0.0021407013991847634
0.0020953163970261813
0.0021417689975351097
0.0021456600050441922
0.0021471982006914915
0.0021398963988758625
0.0021359632024541496
0.002092646202072501
0.0021306101931259035
0.002139398199506104
0.002147617400623858
0.0021410895977169277
0.0021421898039989174
0.002147243602667004
0.0021387193934060632
0.002133137604687363
0.002134594402741641
0.0021538399974815547
0.002153280598577112
0.0021430411958135664
0.0021413075970485806
0.0021407574065960945
0.0021373433992266655
0.002138591802213341
0.002144480205606669
0.0021661252016201616
0.002171357406768948
0.002131598198320717
0.0021404470084235073
0.0021365950000472368
0.002145822602324188
0.002173733804374933
0.0021821562084369363
0.00218157060444355
0.0021777505986392497
0.002179669204633683
0.002142092993017286
0.0021758109913207592
0.0021665819920599462
0.002173132193274796
0.002129466400947422
0.0021605769987218084
0.002168697805609554
0.0021667305962182583
0.002177864999976009
0.0021732063964009286
0.0021204635966569187
0.0021527535980567338
0.00215852300170809
0.002144441194832325
0.002149791596457362
0.0020923880045302214
0.0021425836021080613
0.0021482308045960965
0.0021461009979248046
0.0021429284010082484
0.002194656804203987
0.0021578556043095887
0.0021769779967144133
0.002171379397623241
0.0021659504040144385
0.002168573800008744
0.002175127004738897
0.002169710607267916
0.0021431526052765547
0.0021435849950648843
0.002144023193977773
0.002137011999730021
0.002155956602655351
0.002144160203170031
0.0021467287908308206
0.002146580000407994
0.0021511408034712077
0.002148113597650081
0.002140029799193144
0.0021402786020189523
0.002145163400564343
0.002506548201199621
0.0021860496024601163
0.002193267398979515
0.0021862620022147896
0.002201556193176657
0.0021870438009500503
0.002140984998550266
0.0021868993993848563
0.00217843420105055
0.0021859460044652223
0.002197884803172201
0.002188429597299546
0.002179843792691827
0.002185922604985535
0.0021891460055485368
0.00219252499518916
0.002153575804550201
0.0021956081967800857
0.0021793763968162238
0.002189569000620395
0.0021854483988136054
0.002188564999960363
0.0021922230022028088
0.0021437840070575474
0.002174110198393464
0.0021835990017279984
0.0021802834002301098
0.0021740933996625246
0.0021819247980602086
0.002136819204315543
0.002174276206642389
0.0021869429969228805
0.0021848033997230233
0.0021761433919891713
0.0021778780035674574
0.002193906402681023
0.002176914201118052
0.0021805417956784366
0.0021928566042333842
0.0021779853967018427
0.002184024394955486
0.002184926997870207
0.002176327200140804
0.0021824397961609067
0.002186576393432915
0.002188237605150789
0.0021836154046468437
0.0021842655958607795
0.0021769355982542036
0.0021858893916942177
0.0021845845971256495
0.0021371947950683534
0.0021486958023160694
0.0021393825998529794
0.0021434043999761345
0.0021443077945150434
0.002147864201106131
0.0021389545989222826
0.002144339797087014
0.0021468090009875594
0.0021386533975601197
0.0021479343995451927
0.002139592601452023
0.0021416869945824145
0.002144076197873801
0.002148986398242414
0.0021427702042274175
0.0021440829965285956
0.002138548600487411
0.0021451457985676827
0.002142130001448095
0.0021899378043599427
0.0021877423976548018
0.0021949979942291974
0.002188686199951917
0.0021939364029094576
0.002204666403122246
0.002184626599773765
0.002183288801461458
0.0021923250053077934
0.002187647402752191
0.002189462597016245
0.0022168933995999397
0.00218670159811154
0.0021851759986020623
0.0021857253974303602
0.002204930398147553
0.002188288199249655
0.0021768584032543004
0.002187665598466992
0.002182614791672677
0.002193769405130297
0.0022010606015101077
0.002182792604435235
0.002193580009043217
0.0021928846021182836
0.0021813487983308733
0.0021903916029259564
0.0023747557890601454
0.0021876223967410625
0.002200392191298306
0.002190215198788792
0.002180729596875608
0.0021848889999091627
0.002130411996040493
0.002183474798221141
0.0021754376008175313
0.0021863057976588608
0.002190093998797238
0.0021943700034171344
0.0021889782045036556
0.0021847388008609412
0.002140973799396306
0.0021387960063293577
0.002185616793576628
0.0021940462058410047
0.0021908216062001885
0.002180585800670087
0.0021827562013641
0.002161518402863294
0.002148109395056963
0.002170283393934369
0.0021724445978179574
0.002183412597514689
0.0021783687989227474
0.0021715692011639474
0.0021752777975052595
0.0021810104022733866
0.0021804418065585196
0.002174698398448527
0.002179533801972866
0.0021790601895190775
0.0021755907917395236
0.002134457405190915
0.0021841156063601374
0.002187154407147318
0.002183193201199174
0.002185958600603044
0.0021744636003859343
0.002181327797006816
0.0021944810054264964
0.002182795596309006
0.0021830077981576323
0.002181730209849775
0.002190657006576657
0.0021801550057716666
0.0021822968032211066
0.0021843613940291107
0.0021846617921255527
0.0021787105943076313
0.002178935392294079
0.002177294995635748
0.0021476224064826965
0.0021731542074121535
0.002177358407061547
0.002176310995128006
0.0021668639965355396
0.002176109200809151
0.0021852927980944513
0.0021870527998544276
0.0021998442010954023
0.0021843179943971335
0.00218312400393188
0.0021880288026295603
0.002194829809013754
0.002184722397942096
0.0021983154001645744
0.0021922715939581396
0.0021734251989983023
0.0022000625962391497
0.0021859068074263632
0.002182202402036637
0.0021982934093102815
0.0021948084002360703
0.002199784596450627
0.00214760439703241
0.002194523997604847
0.002176055801101029
0.0021890116040594876
0.002182627795264125
0.002179340401198715
0.002186779002659023
0.0021767346072010694
0.0021936019998975097
0.0021315347985364497
0.002194348198827356
0.0021819779998622836
0.0021868742071092127
0.0021852740086615086
0.0021895271958783267
0.002193280402570963
0.002180504205171019
0.0021824508090503513
0.002187143196351826
0.002181503607425839
0.0021811746060848235
0.002191441797185689
0.002207311801612377
0.0021789191989228128
0.0021769567974843085
0.0021882714005187153
0.002181755600031465
0.0021871944074518977
0.0021842300076968966
0.002155186596792191
0.002158987207803875
0.0021908020018599926
0.002188967796973884
0.0021890177973546087
0.0021914866054430606
0.002187304210383445
0.002180446800775826
0.0021798979956656694
0.0021901499945670365
0.0021779004018753767
0.002187885204330087
0.002180503203999251
0.002527926198672503
0.0021862132009118794
0.0021826882031746207
0.002181416400708258
0.0021902712062001227
0.0021787697914987803
0.002173016790766269
0.0021767967962659897
0.0021768398000858724
0.0021784398006275294
0.0021797263994812965
0.0021911362069658934
0.0021926168003119527
0.0021863975911401213
0.002182131598237902
0.002136332797817886
0.002188949997071177
0.0021881547989323737
0.0021928771981038152
0.0021808745921589436
0.0021826298092491926
0.002159787400159985
0.0021797333960421384
0.002163461409509182
0.0021733529982157053
0.0021711042034439744
0.002154059591703117
0.002152518997900188
0.002150221599731594
0.0021460937918163837
0.002147170400712639
0.0021419252036139367
0.002148790005594492
0.0021357894060201944
0.0021467769984155893
0.002144622802734375
0.0021419917931780217
0.0021863388014025987
0.002181274408940226
0.002178486599586904
0.0021467307931743564
0.002137382805813104
0.0021811716025695203
0.0021763872005976736
0.0021448438055813313
0.0021560844033956528
0.002150490798521787
0.0021484318072907626
0.0021060505998320876
0.0021540632005780935
0.0021581818000413477
0.002153678599279374
0.002153639798052609
0.002144277805928141
0.0021057563950307666
0.002145436790306121
0.002108799398411065
0.0021559415967203678
0.002159477607347071
0.002152324200142175
0.002162739192135632
0.002159567200578749
0.0021593541954644025
0.0021683975937776268
0.002163373399525881
0.002161573397461325
0.00216242540627718
0.002157223399262875
0.0021601530024781823
0.00216049439040944
0.002166394400410354
0.0021622262080200016
0.0021937454002909362
0.002181728009600192
0.002182386990170926
0.0021829749923199413
0.002188290795311332
0.0021784496027976276
0.0021296243998222054
0.0021823902032338085
0.0021857328014448286
0.00218484359793365
0.0021864192094653845
0.0021528832032345234
0.0021514292107895016
0.0021486860001459717
0.0021111250040121376
0.00214884061133489
0.002154757606331259
0.002148938598111272
0.002151439606677741
0.0021525676012970505
0.0021585750044323506
0.0021543618058785796
0.0021541069960221647
0.0021546153933741153
0.002150146395433694
0.0021560059976764023
0.002158888999838382
0.0021585854003205894
0.002153463999275118
0.00215303220320493
0.002156743803061545
0.002149439405184239
0.0021573007921688258
0.0021542535978369415
0.0021566448034718634
0.0021484736003912984
0.002102134597953409
0.0021580182015895843
0.0021599015919491647
0.0021528776036575437
0.002152128599118441
0.0021507997997105123
0.0021038749953731896
0.002154666592832655
0.0021625890047289433
0.0021138897980563344
0.0021561132045462726
0.002146620792336762
0.002151618804782629
0.0021678173914551737
0.002157941402401775
0.0021108085988089443
0.0021546090021729468
0.0021500181988812982
0.0021144095924682917
0.0021551104029640554
0.0021549243945628406
0.0021544079994782806
0.0021544528077356516
0.0021507063996978105
0.002154973603319377
0.0021037986036390064
0.002160931599792093
0.0021548878052271903
0.0021416833973489703
0.0021032219985499976
0.0021454456029459832
0.0021534339990466832
0.0021435937960632145
0.00210912519833073
0.002154705591965467
0.002154094201978296
0.002156714000739157
0.0021450610016472637
0.002158242999576032
0.0021514233900234102
0.0021107498090714217
0.0021646567969582976
0.002151497802697122
0.0021521146059967577
0.002106268401257694
0.002147877193056047
0.002150111598894
0.0021474334062077105
0.002151185797993094
0.002149019401986152
0.0021456463960930704
0.0021498237969353796
0.002153726399410516
0.002159526001196355
0.0021512142033316196
0.0021522187977097928
0.002143443201202899
0.0021635277895256876
0.0021576147992163897
0.0021568563999608157
0.0021010876051150264
0.0021449970081448555
0.0021544122020713983
0.002086182194761932
0.0021466729929670693
0.002149087004363537
0.0021488124039024115
