average_runtime 0.0011054867797298357
0.0008953362994361669
0.0008840460504870862
0.000885383298736997
0.0008837767498334869
0.0008852997998474166
0.0008846244018059224
0.0008812204992864281
0.0008794780500466004
0.000880195401259698
0.0009916207985952497
0.0008790446503553539
0.0008800913492450491
0.0008794143504928797
0.0008818661997793242
0.0008808134007267654
0.0008820420975098386
0.0008822636998957023
0.000878515699878335
0.0008880667999619618
0.0008822887990390882
0.000881741099874489
0.0008820469491183757
0.0008810695493593812
0.0009821582498261705
0.001033599700895138
0.0011239076993661001
0.0011197820480447263
0.0011134186497656628
0.0011142665985971688
0.001116175000788644
0.0011128548998385669
0.0011166832002345473
0.001114941100240685
0.001114392452291213
0.001218982649152167
0.001114563600276597
0.0011151787504786626
0.0011136262997752055
0.0011171196005307139
0.0011152012506499887
0.001112493552500382
0.001117762000649236
0.0011187272990355267
0.0011177704494912178
0.0011300584999844431
0.0011209228017833085
0.0011216519022127613
0.0011199095024494454
0.001115556649165228
0.0011177826003404335
0.0011186086485395208
0.0012227308499859646
0.0011157084023579954
0.0011176920990692452
0.0011201419518329203
0.0011210903991013764
0.001116873399587348
0.001117930401233025
0.001119137299247086
0.0011182048998307436
0.0011195891012903303
0.00112001079833135
0.0011161404516315087
0.0011180325993336738
0.0012249062478076667
0.001120546698803082
0.0011226834991248324
0.0011239084997214377
0.0011164587485836819
0.0011184935516212135
0.0011128326499601827
0.0011173404986038805
0.0012246850004885347
0.0011194672988494858
0.0011181259003933519
0.0011158580979099496
0.0011235042504267768
0.001115370899788104
0.001118518499424681
0.0011155676504131407
0.0012175011012004688
0.00111705175077077
0.0011190410499693827
0.0011214278492843732
0.001115915400441736
0.0011188038479303941
0.0011202941008377821
0.0011194520484423265
0.001118028600467369
0.001116634247591719
0.0011207525501959025
0.0012249343504663556
0.001115064849727787
0.0011149876518175006
0.0011178485001437366
0.001117776651517488
0.0011212051496841014
0.0011262319982051848
0.0011201961489859969
0.001259601750643924
0.0011328992492053657
0.0011286424996796995
0.0011205213493667543
0.0011218583007575945
0.0011188114993274211
0.0011217969498829917
0.001125348449568264
0.0011215145495953038
0.001120977898244746
0.0011184945498825983
0.00122390725009609
0.0011203970003407448
0.0011156888009281828
0.0011238734499784187
0.0011202533001778646
0.0012266072997590527
0.001117054049973376
0.0011158625507960095
0.0011209292017156259
0.0011200216016732157
0.0011158907000208274
0.0011169837001943962
0.0011196913517778739
0.0012202449986943975
0.001116109499707818
0.0011147148994496091
0.0011113269021734596
0.0011148727993713693
0.0011170208512339742
0.0011139223002828657
0.0011147301498567685
0.001119101350195706
0.0011199619009857997
0.0011198899504961447
0.0011172275990247726
0.0011177377018611878
0.0011170351499458775
0.0011181991518242284
0.001115280351950787
0.0011179892491782085
0.0011162167007569223
0.001113334100227803
0.0011120957002276554
0.001114954351214692
0.0011167317978106439
0.0011120925511932
0.001222958747530356
0.0011199454020243138
0.0011179230496054515
0.0012222270015627146
0.0011204429989447816
0.001117554449592717
0.0011221138993278146
0.0011195064493222163
0.0011271731520537287
0.0011201595509191975
0.0011128011479740962
0.0011133655003504827
0.001113721649744548
0.0011114256485598162
0.0011127024015877395
0.0011147993005579337
0.0011189076001755893
0.0012203110993141309
0.0011167499498696998
0.0011178327491506933
0.0011182101996382698
0.001115865499014035
0.0011177957989275456
0.001116987899877131
0.001119075098540634
0.001115301001118496
0.0011116654000943526
0.0011144240008434281
0.0011136600514873862
0.001117820551735349
0.0011154560983413831
0.0011146437987918033
0.0011219846492167562
0.0011209179996512831
0.001117244499619119
0.0011192011501407252
0.0011160419991938398
0.001115590750123374
0.0011163206509081647
0.001117612750385888
0.0012261374504305422
0.0012206677987705917
0.0012207892985315993
0.001111348147969693
0.0011147445504320786
0.0011162570997839793
0.0012216888484545053
0.001115098749869503
0.0011192689999006689
0.00111858515010681
0.0011212737997993826
0.001121608301764354
0.001119502098299563
0.0012206328014144675
0.0011153230996569618
0.0011142569506773724
0.0011161398491822184
0.0012019162008073182
0.0011182218993781134
0.0011157859989907593
0.0011123606498586013
0.001118668998242356
0.0011179527995409445
0.0011147948011057452
0.0011225626483792439
0.0011351089022355154
0.0011254261480644345
0.001125547449919395
0.0011313032504403965
0.0011247393500525503
0.0012279527494683863
0.001143843898898922
0.0011280258011538535
0.0011179659981280566
0.0011158509500091896
0.001116098600323312
0.0011120443494291976
0.0011187766504008323
0.0011140796996187419
0.0011187452008016407
0.00122688795090653
0.0011213469988433644
0.0011193514481419697
0.0011169117991812528
0.0011158641980728134
0.0011214946018299088
0.0011173973995028063
0.0011149614001624286
0.0011139023990835994
0.0011154258478200062
0.001113846551743336
0.0011102151998784392
0.0011817040998721496
0.0011117931018816308
0.0011149284488055854
0.0011118533002445474
0.0012274193490156905
0.0011163902992848307
0.001116704597370699
0.0011171616497449577
0.0011160302994539962
0.0011168230499606579
0.0011147525015985592
0.0011175333987921477
