average_runtime 0.0005397647709818557
0.0005462007480673492
0.0005269021494314075
0.0005281594989355653
0.0005259133002255111
0.0005933275475399569
0.0005390415986767039
0.0005408952478319406
0.0005370811501052231
0.0005364022479625418
0.0005351119994884357
0.0005382824514526874
0.0005388836492784321
0.0005366824480006471
0.0005354435503249988
0.000533732000621967
0.0005363937991205603
0.000535801550722681
0.0005350215506041422
0.0005347997008357197
0.0005350627994630486
0.0005354553984943777
0.0005323663499439135
0.0005353171494789421
0.0005319555493770167
0.0005343659984646365
0.000533551350235939
0.000534799849265255
0.000533531399560161
0.0005348013510229066
0.0005355478497222066
0.0005383997515309602
0.0005361358518712223
0.000536452850792557
0.0005379543494200334
0.000563806199352257
0.0005266785505227744
0.000525942599051632
0.0005265350482659414
0.0005243527499260381
0.0005233890988165513
0.000522297850693576
0.0005244105501333252
0.000524286602740176
0.0005245281499810517
0.0005163062509382143
0.0005234817508608103
0.0005256203497992828
0.0005237617006059736
0.0005236243014223874
0.0005218207981670276
0.0005235228512901813
0.0005243369494564831
0.000523806200362742
0.0005251000518910586
0.0005226507986662909
0.0005257390002952889
0.0005384585994761438
0.0005379850015742704
0.000539226649561897
0.0005441490007797256
0.0005376367014832794
0.0005383225507102907
0.000537998101208359
0.0005362269992474466
0.0005365609511500224
0.0005386147502576932
0.0005385435506468639
0.0005374506494263187
0.0005367042991565541
0.0005365679011447355
0.000537866199738346
0.0005975544976536184
0.0005404736002674326
0.0005380193004384636
0.0005363620002754033
0.0005366237019188702
0.0005386409495258704
0.0005368364014429972
0.000537996951607056
0.0005354475491913035
0.0005383034498663619
0.0005366813507862389
0.0005383206997066736
0.000536929297959432
0.000536336051300168
0.0005369913502363488
0.0006618276500375941
0.000537529747816734
0.0005381579510867595
0.0005427417519968003
0.0005376137502025813
0.0005305935483193025
0.0005357299000024795
0.0005386171484133229
0.0005372898012865335
0.0005370017985114828
0.0005423501017503441
0.000538631301606074
0.0005366204481106251
0.0005363537988159805
0.0005364161508623511
0.0005360793496947735
0.0005395516491262242
0.0005381060007493943
0.0005364484008168801
0.0006701159494696185
0.0005391624988988041
0.0005375628505134955
0.0005434392980532721
0.0005369367019739002
0.0005432281497633085
0.0005372653511585667
0.0005376150511438027
0.0005380235001211986
0.00060928224993404
0.000536640000063926
0.0005382924020523206
0.000537898248876445
0.0005375563487177715
0.0005372889485443011
0.0005389610480051488
0.0005348141508875415
0.0005375092994654551
0.0005373928492190316
0.0005283992009935901
0.0005362950498238206
0.0005376957007683814
0.0005363593023503199
0.0005319599498761818
0.000606004148721695
0.0005384234507801011
0.0005383214505854994
0.0005368776503019035
0.0005388810008298605
0.000539197598118335
0.0005367885518353432
0.0005374936008593068
0.0006161121506011114
0.0005383413488743826
0.0005366408498957753
0.0005376586486818269
0.0005381720984587446
0.000538210800732486
0.0005389502999605611
0.0005386644508689642
0.0005410440004197881
0.0005355207977117971
0.0005355008994229138
0.0005375619512051344
0.000537179599632509
0.0005365207500290126
0.0005361513496609405
0.0005384602496633306
0.0005372319486923516
0.0007262302504386752
0.0005353768006898463
0.0005367238511098549
0.0005375603010179475
0.0005355831002816558
0.0005368578480556607
0.0005369709513615816
0.0005360195995308459
0.0005364278011256828
0.0005613283021375537
0.0005372871994040907
0.0005370757484342903
0.0005365609016735106
0.0005352602514903992
0.000535654099076055
0.000640103398473002
0.0005352546024369076
0.0005367917474359274
0.0005378001980716363
0.0005362144496757537
0.0005357678019208834
0.0005351261497708037
0.0005377722001867369
0.0005364365497371182
0.0005346243007807062
0.0005359831498935819
0.0005400933005148545
0.0005364993994589895
0.0005372327490476891
0.0005362853495171294
0.0005359269503969699
0.0005366394994780421
0.000538494749343954
0.0005348071485059336
0.0005367648496758193
0.0005396230495534837
0.0005363697506254539
0.0005371114006265998
0.0005242980492766947
0.0006968241999857127
0.0005282767000608146
0.0005272392998449504
0.000529164049657993
0.0005269518500426784
0.0005299821001244709
0.0005272119509754702
0.0005261340498691425
0.0005267496482701973
0.0005271805013762787
0.0005290431989124044
0.0005285213002935052
0.0005282569007249549
0.0005276910000247881
0.0005272799491649494
0.000527850998332724
0.0005278274504235015
0.0005286629486363382
0.0005267025990178809
0.0005271330999676138
0.0005272690992569551
0.0005374678003136069
0.0005270125024253502
0.0005298578995279968
0.0005311562999850139
0.0005306423001457006
0.0005296846007695422
0.0005458135972730815
0.0005287070496706292
0.0005324140016455204
0.0005296891002217307
0.0005328583007212728
0.0005315720976796001
0.0005278766999254003
0.0005280745506752282
0.0005284156504785642
0.000529172649839893
0.0007493406505091116
0.0005288254003971815
0.0005269642017083243
0.0005291709501761943
0.000529015701613389
0.0005274652503430843
0.0005290501023409889
0.0005289522494422271
0.0005275923991575837
0.0005271914502372965
0.000526279499172233
0.0005268830485874787
0.0005279736506054178
0.0005288856016704812
0.0005301864992361515
0.0005291722511174158
0.0005288181506330148
0.0005253761482890695
0.0005301297991536557
0.0006517484493087977
