average_runtime 0.0021257177019213267
0.002134716196451336
0.002117417601402849
0.002116067602764815
0.002117739408276975
0.0021180327981710433
0.00211558259325102
0.0021180795971304177
0.0020968917990103362
0.0020911158062517643
0.0020967777934856715
0.002101645595394075
0.0021027988055720924
0.0021032902062870563
0.0021021854015998544
0.002104792802128941
0.0020994624006561934
0.002089206804521382
0.00209639819804579
0.002107624209020287
0.0021000375971198084
0.0021044404013082383
0.0021557673928327857
0.002096580807119608
0.0021027126000262796
0.002097104792483151
0.002097605599556118
0.0020982154062949123
0.002098703396040946
0.0020952212042175235
0.0020965961972251534
0.002096522389911115
0.0021010736003518105
0.0021513869985938074
0.0021103427978232505
0.002105283597484231
0.0020944642019458115
0.0021061353967525066
0.0021024644025601446
0.002098343602847308
0.002106143196579069
0.0021015192032791674
0.0021053435979411007
0.00209620880195871
0.0021022519911639394
0.0021087546017952265
0.0020942726056091487
0.0021045270026661456
0.002094715798739344
0.00209992720047012
0.0021021745982579888
0.0021056432044133542
0.002100185607559979
0.0021014744066633283
0.002095780591480434
0.002097421197686344
0.0021039323997683822
0.002094551001209766
0.002101945201866329
0.002115644805599004
0.002107199793681502
0.002102154796011746
0.001977032399736345
0.002106840396299958
0.002108035795390606
0.002115222194697708
0.0021107497974298894
0.002116849191952497
0.0021143338060937824
0.0021074056043289603
0.0021125486004166306
0.002111555996816605
0.0021531402016989887
0.002100586204323918
0.002098475396633148
0.002103776601143181
0.0021018668077886103
0.0021091994014568625
0.0021100017940625547
0.0021110597997903826
0.0021151278051547706
0.002119363797828555
0.002110267605166882
0.0021041847998276354
0.0021112098009325566
0.00211018439149484
0.0020975813968107104
0.002106324001215398
0.002107242192141712
0.0021023486042395234
0.0020989902084693314
0.0021481795934960245
0.0021001984016038476
0.0020963003975339235
0.00210472559556365
0.002098583208862692
0.0021045545930974186
0.0021063544088974597
0.0021028901915997266
0.0021057880017906427
0.002150271600112319
0.002104004006832838
0.0021130167995579542
0.0021093815914355217
0.002107742999214679
0.0021182595985010265
0.0021132981986738742
0.002109217795077711
0.0021010646014474332
0.0021004406036809085
0.0021064062020741403
0.002095720800571144
0.002104591007810086
0.002132480195723474
0.00213652040110901
0.002137880597729236
0.0021391559974290432
0.0021385982050560414
0.0021370172034949064
0.0021421795943751933
0.0021846873918548227
0.0021169163985177873
0.0021206389996223153
0.0021067510009743274
0.0021162617951631544
0.0021119200042448937
0.002116833603940904
0.0021183926030062137
0.002113608201034367
0.0021260428009554746
0.002104269596748054
0.00210426920093596
0.002138189191464335
0.0021346148103475572
0.0021216102060861884
0.0021330591989681125
0.002140347403474152
0.002136613603215665
0.002140936197247356
0.002142462192568928
0.0021248921984806657
0.0021235518041066827
0.0021829437930136917
0.0021253615966998042
0.00212752380175516
0.002132977603469044
0.002129093196708709
0.0021231970051303504
0.0021205002092756333
0.002132652199361473
0.0021297574043273927
0.0021351972012780608
0.0024521598010323943
0.002132451592478901
0.002125690004322678
0.002130072400905192
0.0021308263996616004
0.002130749193020165
0.0021260788082145153
0.0021341913961805403
0.0021246218006126583
0.0021274664090014995
0.002128614403773099
0.002181658602785319
0.002129612001590431
0.0021295799990184603
0.0021316627971827984
0.002123365399893373
0.0021236107917502523
0.002130960999056697
0.0021843163995072246
0.002127474802546203
0.0021249889978207648
0.0021261975984089077
0.002142142201773822
0.0021247413940727712
0.0021277722087688746
0.0021184119977988303
0.002130258199758828
0.0021316899918019773
0.0021399858058430256
0.0021353596006520093
0.0021371960057877002
0.0021358591970056296
0.0021873444085940717
0.0021894154022447767
0.002132783399429172
0.00213385580573231
0.0021399274002760647
0.0021359298028983177
0.0021369205904193224
0.0021855669911019504
0.002189505600836128
0.002187510801013559
0.002136865397915244
0.0021324808010831477
0.00199939280282706
0.002147051994688809
0.0021393254050053657
0.0021374684059992433
0.0021398129989393055
0.0021355203934945166
0.0021426000050269066
0.0021364705986343323
0.00213915400672704
0.002137569198384881
0.0021384502062574027
0.0021306960028596223
0.0021421737968921662
0.0021276580053381624
0.0021221949951723217
0.0021296976017765703
0.0021244529983960093
0.002131092199124396
0.002125234203413129
0.0021291399956680835
0.0021251381956972184
0.002128175809048116
0.0021389332017861308
0.0021265925955958665
0.002126648603007197
0.002125818806234747
0.0021320869913324715
0.0021866240072995423
0.002125880599487573
0.0021280528046190737
0.002135828195605427
0.002173625002615154
0.0021259288070723413
0.0021322355954907835
0.002131712599657476
0.002127838600426912
0.002129742398392409
0.0021358941914513705
0.0021298019913956524
0.002125717792659998
0.0021270324010401963
0.002137135004159063
0.002132537798024714
0.002131530805490911
0.0021264709997922183
0.0021272434038110077
0.0021248131990432738
0.002129410405177623
0.002137996000237763
0.0021295223967172207
0.0021273990045301617
0.0021844855975359677
0.002182719996199012
0.0021240643924102186
0.0021344179986044765
0.0021340765990316866
0.0021301369997672737
0.002127094194293022
0.002124725596513599
0.002128834801260382
0.002127946401014924
0.0021277265972457827
0.0021292062010616064
0.002173185802530497
0.0021399072022177277
0.0021197363967075944
0.0021335628000088034
0.002131324808578938
0.0021312477998435496
0.0021246292046271263
0.0021203694050200284
0.002133650402538478
0.0021291199955157936
0.002123693807516247
0.002127605606801808
0.0021219579968601463
0.00211948900250718
0.0021237900014966725
0.002131184795871377
0.0021258290042169394
0.0021842618007212877
0.002135788800660521
0.002127605793066323
0.0021281088003888724
0.002135036000981927
0.002120442397426814
0.0021269434015266596
0.002126427600160241
0.002114851004444063
0.002127750392537564
0.0021287112031131983
0.001995298999827355
0.0021187121979892253
0.0021215872024185956
0.0021199529990553858
0.002125224401243031
0.0021240734029561283
0.002124023204669356
0.002120104804635048
0.0021687577944248916
0.002125182596500963
0.0021274728002026676
0.0021302449982613324
0.0021297154016792774
0.0021463331999257208
0.0021403121994808317
0.00211195379961282
0.0021330304094590246
0.002147302799858153
0.0021283139940351248
0.0021291442099027336
0.0021266663912683724
0.0021256595966406165
0.0021346069988794625
0.002128243399783969
0.0021390915964730082
0.002183573797810823
0.002126592199783772
0.002125085797160864
0.002130010793916881
0.0021320418105460703
0.0021189172053709625
0.00212754838867113
0.002119080605916679
0.0021175238071009517
0.0021288660005666315
0.0021234571933746336
0.002125933999195695
0.0021174876019358635
0.0021189547958783807
0.0021151596098206936
0.0021147724008187653
0.002118272997904569
0.0021282998030073942
0.0021222576033324003
0.0021205196040682494
0.0021233687992207708
0.0021264064009301363
0.002119078405667096
0.0021184697980061173
0.0021239644032903016
0.00212375900009647
0.0021281846100464465
0.002120944391936064
0.0021182769909501077
0.0021238290006294846
0.0021218296024017036
0.002134689001832157
0.0021307494025677443
0.0021830640034750104
0.0021341426065191625
0.002137737802695483
0.0021302051958628
0.0021446287981234493
0.0021287775947712363
0.0021354267955757678
0.0021259143948554994
0.002133182203397155
0.002130405802745372
0.0021221611998043953
0.002125348802655935
0.0021287837997078897
0.0021481369971297682
0.0021244663977995513
0.0021318019949831068
0.0021270724013447762
0.002125561994034797
0.0021288170013576747
0.0021215414046309887
0.002116872591432184
0.002128516603261232
0.002126883203163743
0.0021274539991281926
0.0021327566006220876
0.002127142995595932
0.002132828999310732
0.002129089797381312
0.002133719192352146
0.002121939801145345
0.0021290335920639337
0.0021297700004652143
0.0021415508002974094
0.002130729192867875
0.002128131000790745
0.0021275503910146653
0.002131731202825904
0.0021297574043273927
0.002128184400498867
0.0021281879977323114
0.0021295037935487927
0.0021255378029309212
0.0021309991949237882
0.0021248270059004426
0.0021289673983119427
0.002126180601771921
0.0021228728001005948
0.002128597197588533
0.0021225588046945632
0.0021275160019285978
0.0021773171960376204
0.0021238514105789363
0.0021208400023169814
0.0021696837968192993
0.0021232055965811013
0.0021257144049741327
0.0021247791941277684
0.0021224358002655207
0.0021218225941993297
0.0021266988012939693
0.0021154838032089174
0.0021232245955616234
0.0021700487937778234
0.00218515939777717
0.0021341648069210352
0.0021768784034065904
0.0021189832012169065
0.0021209412021562456
0.0021123751997947694
0.0021653302013874055
0.0021682196063920857
0.002124237990938127
0.002133665606379509
0.0021301846019923685
0.002119373599998653
0.002113986201584339
0.0021237538079731167
0.0021230057929642497
0.002174018998630345
0.0021163062076084314
0.0021229750011116265
0.002114861796144396
0.0021240746020339428
0.0021188676008023323
0.002118556201457977
0.0021194151951931415
0.0021254617953673006
0.0021636052057147025
0.002126333792693913
0.0021143944002687933
0.0021206137957051397
0.0021199002047069372
0.002119662205222994
0.0021248080069199205
0.0021174518042244017
0.002127137198112905
0.0021276699961163105
0.0021324821980670096
0.002127903001382947
0.0021381435915827753
0.002128450793679804
0.0021337750018574297
0.002131353598088026
0.0021296208025887607
0.0021309171919710935
0.0021302444045431914
0.0021313961944542823
0.0021261862013489006
0.0021233933977782725
0.002127023006323725
0.002126009401399642
0.0021268474054522814
0.0021341696032322944
0.002128801203798503
0.002181118598673493
0.0021739365998655557
0.0021253490005619822
0.002112404198851436
0.002125089394394308
0.0021281447960063817
0.002138061204459518
0.0021277986001223327
0.0021287170005962253
0.0021318420069292186
0.0021206708042882383
0.0021268501994200053
0.00212129179853946
0.0021224743919447064
0.0021206595934927463
0.00212157079949975
0.0021122077945619822
0.0021376422024331986
0.0021483539952896536
0.002136782405432314
0.002129276201594621
0.0021667525987140836
0.0021032077958807347
0.0021029141964390872
0.0021075202035717665
0.0021036461926996707
0.0020992047968320547
0.0021052875905297696
0.002165753406006843
0.00210795640014112
0.0021116672083735465
0.0021589505951851605
0.0021185953984968363
0.0021127736079506578
0.002241103001870215
0.002110467595048249
0.0021385406027548013
0.002185054193250835
0.002141010796185583
0.002113340003415942
0.0021193281980231406
0.0021312608034349976
0.002130022004712373
0.002127078000921756
0.002135429601185024
0.002125126402825117
0.0021308594034053384
0.0021248258068226277
0.0021239756024442613
0.002123385004233569
0.0021811585989780723
0.0021255315979942678
0.0021270699915476145
0.0021158420015126465
0.002119421400129795
0.002173279202543199
0.0021181914024055006
0.0021251294063404204
0.0021746199927292764
0.0021247602067887782
0.0021281592082232235
0.0021247634082101285
0.0021318327984772623
0.00213363419752568
0.0021264813956804575
0.002123441395815462
0.0021209669997915626
0.0021751813939772545
0.0021189491963014007
0.0021732972003519536
0.0021268937969580294
0.002127709798514843
0.0021248130011372267
0.0021224798052571713
0.0021214800071902573
0.002121577796060592
0.0021333032054826617
0.002127421391196549
0.0021239754045382143
0.0021313719917088747
0.002120478800497949
0.002123935800045729
0.002126126002985984
0.0021180764073506
0.002122118801344186
0.0021122631966136395
0.002165515592787415
0.0021236105938442053
0.002121766400523484
0.002107713010627776
0.002112967206630856
0.0021202544099651276
0.0021218343987129628
0.0021158852032385767
0.002123696799390018
0.002114930609241128
0.0021115600015036763
0.0021187061909586193
0.0021301429951563478
0.0021302841953001915
0.0021343678003177048
0.0021284288028255104
0.0021250254008919
0.0021290653967298567
0.002136645989958197
0.002134998608380556
0.0021326195914298297
0.0021271878038533034
0.002132703794632107
0.0021257749991491436
0.002132926194462925
0.0021347855916246774
0.0021329641924239693
0.0021312662051059307
0.0021227426012046637
0.0021357540041208266
0.002124236198142171
0.002122602006420493
0.0021664283936843275
0.0021291831973940132
0.002113879402168095
0.002090619399677962
0.0020912950043566526
0.002084748004563153
0.002088842203374952
0.0020884244004264474
0.002089665597304702
0.0020844085956923664
0.002095023193396628
0.002094114397186786
0.00208617199677974
0.002110637607984245
0.002108409197535366
0.0021018942003138362
0.0021110988105647265
0.002101493999361992
0.0021026787930168212
0.002109244803432375
0.002100696403067559
0.0021059012040495874
0.0021103529958054422
0.0021139750024303794
0.0021108246059156955
0.0021101035992614923
0.0021538175991736353
0.002134834008757025
0.0021063082036562263
0.002102195599582046
0.0021012310055084525
0.002094968594610691
0.0020926957949995995
0.002157067588996142
0.0021227497956715522
0.0021274809958413245
0.002119937597308308
0.002121580799575895
0.0021810357924550773
0.002122623601462692
0.0021415280061773956
0.0021311625954695047
0.002127273997757584
0.0021198909962549806
0.0021247881930321457
0.0021185202058404684
0.002125840203370899
0.0021293835947290064
0.0021334995981305838
0.002132119203452021
0.002131333597935736
0.0021374715957790612
0.0021240593981929124
0.002140329801477492
0.002125949808396399
0.002124475210439414
0.002123639197088778
0.0021396614029072225
0.002131183003075421
0.0021318851970136164
0.0021718144067563116
0.002131785999517888
0.00212492459686473
0.0021208798047155143
0.0021229788078926505
0.002137044002301991
