average_runtime 0.000574161448259838
0.0005772993492428214
0.0005717862019082532
0.0005815056996652856
0.0005699823494069278
0.0005735047510825097
0.0005741234985180199
0.0005701155023416504
0.0005714275495847688
0.0005705255985958502
0.0005667484510922804
0.000639397749910131
0.0005688536504749209
0.0005742134002503007
0.0005698291497537866
0.0005724757502321154
0.0005694967519957572
0.0005690229998435825
0.0005701190500985831
0.0005722069996409118
0.0006660490005742758
0.0005720135988667608
0.0005696464999346062
0.0005705648974981159
0.0005701148009393364
0.0005696704494766891
0.0005701774993212893
0.0007080774492351338
0.000570484550553374
0.0005709451506845653
0.0006893293000757694
0.0005709368502721191
0.0005680511996615679
0.0005730225995648653
0.0006187071994645521
0.0006186680984683335
0.0005709801014745608
0.0005700487992726267
0.0005698876513633877
0.0005715756997233257
0.0005697209009667859
0.0005695196014130488
0.0005708367505576461
0.000572686898522079
0.00056929225102067
0.0005687970988219604
0.0005700159497791901
0.0005710969009669498
0.0007947631005663425
0.000569567151251249
0.0005708643002435565
0.0005701909016352147
0.0005701284477254376
0.0006420216988772154
0.0006231229985132813
0.0005695967498468235
0.0005687829019734636
0.0005694461491657421
0.0005699383502360434
0.000569870849722065
0.0006494725996162743
0.0005713191989343613
0.0005720361979911104
0.0005702076974557713
0.0005694552004570141
0.0007171797013143077
0.0005689034500392154
0.0006453259498812258
0.0005736994004109875
0.0005687757016858086
0.0005692393518984318
0.0005676962493453175
0.0005697885993868112
0.0005685218988219276
0.000568636751268059
0.0005694260995369405
0.0005696144013199955
0.0005720096494769677
0.0005690882506314665
0.0005685765499947593
0.0005701672518625856
0.0005684200499672442
0.0005722900008549914
0.0005708537006285042
0.0005698686989489942
0.0005699387518689036
0.0005671121005434542
0.000567825700272806
0.0005687491997377947
0.0007423439004924148
0.0005681747512426228
0.0005714833008823916
0.0005696667009033263
0.0005708233511541039
0.0005684027506504208
0.000570809849887155
0.0005691793019650504
0.0005678791494574398
0.0005696477019228041
0.0005710145516786725
0.000568794648279436
0.0005687731987563893
0.0005687689495971427
0.0006687857501674443
0.0005707229021936655
0.0005703726492356509
0.0005713701015338301
0.0005711127014365047
0.0005691796017345041
0.0005695491505321115
0.0005735268525313586
0.0005697038519429043
0.0005711493024136872
0.0005686758493538945
0.0005703061498934403
0.0005678870511474088
0.0005740138498367741
0.0005712012003641576
0.0005718303495086729
0.0005699621979147196
0.0005713611521059647
0.0005718013999285176
0.0005741194472648203
0.0005694730498362333
0.0005685201002052053
0.0005681242502760143
0.0005701271496945992
0.000569602198083885
0.0005680466507328674
0.0005684017989551649
0.0005677918496076017
0.0005669481004588306
0.0005683180992491543
0.0005672631989000366
0.0005672345490893349
0.0005691755999578163
0.0006283408496528864
0.0005689305486157537
0.0005698787979781627
0.0005684753996320069
0.0005663771007675678
0.0005677020497387275
0.00056997140054591
0.0005680907517671586
0.0005676941014826298
0.0005689064011676237
0.0005675505497492849
0.0005672568484442308
0.0005668589001288638
0.0005615197500446811
0.0005602300487225875
0.0005613862478639931
0.000559802699717693
0.0005597843992291018
0.0005604513513389975
0.000560844800202176
0.0005574951501330361
0.0006165853003039957
0.0005591249995632097
0.0005593149486230687
0.0005575003480771557
0.00055916114943102
0.0005595763999735936
0.0005589339009020478
0.0005590686982031911
0.0005580342985922471
0.0005593507492449134
0.0005602198012638837
0.0005593109002802521
0.0005588043510215357
0.0005574574490310625
0.0005587239487795159
0.0005589962005615234
0.0005593860492808745
0.0005587504012510181
0.0005587966996245086
0.0005592436500592157
0.000559159298427403
0.0006780817522667349
0.0005599671014351771
0.0005590934015344828
0.0005595496477326378
0.0005595510505372658
0.0005580123019171878
0.0005591847002506256
0.0005595071008428932
0.0005578470998443663
0.0005589013511780649
0.0005587778490735218
0.0005595153488684446
0.000556070648599416
0.0006738026509992779
0.0005561993486480788
0.0005569231521803886
0.0005595614522462711
0.0005606132501270622
0.0005587658495642244
0.00055983615166042
0.0005586058483459056
0.0005592985486146063
0.0005597120994934812
0.0005582542013144121
0.0005602426477707923
0.0006821381015470251
0.000558258150704205
0.0005578990501817315
0.0005598504503723234
0.00055863430025056
0.0005582023499300703
0.0005619315983494743
0.0005619782983558253
0.0005633086984744295
0.0005602823512163013
0.0005617071990855038
0.0005597231007413939
0.0005612515495158732
0.0005602066492429003
0.000560853598290123
0.0005616929003736005
0.0005598855001153425
0.0005616399983409792
0.0005616593494778499
0.0005605637998087332
0.0005601245997240767
0.0005628620507195592
0.0005608609499176964
0.0006374756019795313
0.0005615364498225972
0.0005601156008196995
0.0005649594502756372
0.0005627375998301431
0.0005601017503067852
0.0005621977499686182
0.0005621309013804421
0.0005588603526121005
0.000559825700474903
0.0005598789022769779
0.000637586449738592
0.0005610211519524455
0.0005624448996968568
0.0005601487995591014
0.0005604751000646502
0.0005607923987554387
0.0005600310483714566
0.0005621621996397153
0.000560297499760054
0.0005607461993349716
0.0005616293987259269
0.0005584566504694521
0.0005609910498606041
0.0005618579511065036
