average_runtime 0.007985320882825182
0.007970431807916612
0.008711260196287185
0.007990018790587783
0.008001605398021638
0.007880298397503793
0.007865793805103749
0.007876212999690324
0.007895955198910088
0.007999320595990867
0.007997478800825774
0.007884587394073606
0.007981852197553962
0.007977221603505313
0.008685447601601481
0.007873090205248446
0.00786645319312811
0.007871796004474163
0.008006797998677938
0.008788739203009755
0.008777399989776313
0.007878080394584685
0.007394462998490781
0.007903240201994777
0.00788273559883237
0.008705311000812798
0.007874974200967699
0.008004122402053327
0.007876859593670816
0.007917454396374524
0.007424191595055163
0.0073703009984456
0.007860950997564942
0.008679209998808802
0.007870231394190342
0.007873076200485229
0.007879509800113737
0.007861532596871256
0.007850203791167586
0.00799649499822408
0.0073653023922815915
0.007359470194205642
0.007897549006156624
0.007897158793639392
0.007980481395497918
0.007418164401315153
0.007419742201454938
0.007869314798153938
0.007984570204280316
0.007869901997037233
0.007856725400779396
0.007883353205397726
0.007420306198764592
0.0073753791977651416
0.007869882602244615
0.007864677999168634
0.007367132802028209
0.008746970200445504
0.00786142599536106
0.007374814001377672
0.007864092802628874
0.007859851804096252
0.007427228591404855
0.007866512797772885
0.007862907194066793
0.007897245197091252
0.007887252396903932
0.007879675389267505
0.00785528140841052
0.007881882600486279
0.007890030590351671
0.008698972396086902
0.00786538360407576
0.007882741990033536
0.00869136960245669
0.007867161999456584
0.007998249202501029
0.007875400793273002
0.008690358803141863
0.007854499004315585
0.007854884397238493
0.007914136396721005
0.007861826592124999
0.007868210400920362
0.00788501399802044
0.007885085605084895
0.007885280600748956
0.00787777480436489
0.007990953605622053
0.008676134399138391
0.007358255400322378
0.007369270001072436
0.007366735197138041
0.007855857198592275
0.007359167002141476
0.007862383197061718
0.007854663394391536
0.007364141405560076
0.007977400999516248
0.007873346994165331
0.00785473439609632
0.007981798809487373
0.007364502607379109
0.007973429991398006
0.008667859993875027
0.007990044599864632
0.008721552195493133
0.007370902202092111
0.007975505199283361
0.007888130797073244
0.007831891404930503
0.007886380993295462
0.007756796001922339
0.007909058209042997
0.007776786806061864
0.007776494999416172
0.007765645801555365
0.00787105760537088
0.007259079196956009
0.007777990202885121
0.007758297200780362
0.00776173520134762
0.007799631601665169
0.007752442604396492
0.008156762993894517
0.007741155999246985
0.007753878401126712
0.007789443410001695
0.00786572740180418
0.007751635194290429
0.007750324800144881
0.0077706786105409265
0.007741780998185277
0.007856574794277548
0.007844880002085119
0.00797539099585265
0.00867593459552154
0.007357716397382319
0.007871365000028163
0.007976746594067663
0.00799572899704799
0.00798627759795636
0.007977567403577268
0.007988301396835595
0.007971324189566076
0.007970937399659307
0.007961170002818107
0.007979037798941135
0.007959326601121575
0.007970800600014627
0.0073353021987713875
0.008662732201628387
0.008660639205481857
0.007333111995831132
0.007854901801329106
0.007854732195846736
0.007960437808651476
0.007851364801172166
0.007849505206104368
0.007864971202798188
0.007971074199303985
0.008734579000156372
0.00796436300734058
0.007860343402717263
0.007844744389876724
0.0073453536024317145
0.007395422202534974
0.007871912803966551
0.007860064599663019
0.007841635996010154
0.007958498399239034
0.007350490801036358
0.007348048605490476
0.007849755394272507
0.007967657200060785
0.007973352796398103
0.007850059599149972
0.008680694398935884
0.008670001407153904
0.00866825639968738
0.008675853395834566
0.008670914603862911
0.007876601803582161
0.00784085619961843
0.007845582603476942
0.007975324406288564
0.007973412203136831
0.007839324593078345
0.007835461606737227
0.008191822201479227
0.007871442195028066
0.007867029996123164
0.008675032400060446
0.008000525599345564
0.007397638005204499
0.007877614593598991
0.00785294099478051
0.007862657797522843
0.00785274519585073
0.00796540459850803
0.007855007005855442
0.007862914807628841
0.007883444405160844
0.007867091603111475
0.007968610001262278
0.007982783205807208
0.007973266602493822
0.00785841359756887
0.007851960801053793
0.007864006399177014
0.00797299579717219
0.007876410009339451
0.008693397196475416
0.007855736999772489
0.00736840619938448
0.007869664602912963
0.007985262398142368
0.007992426003329455
0.00797539580380544
0.007867444201838224
0.007875340001191944
0.008692207199055701
0.00863867619773373
0.00856680799042806
0.007734989596065134
0.007875993801280855
0.007859541801735759
0.007859936403110623
0.007738536002580077
0.00786992780631408
0.00776989699807018
0.0072980809956789015
0.007860891602467746
0.007931195793207734
0.00785284120356664
0.007865564001258462
0.008563458989374339
0.008596365200355649
0.007870264002121985
0.007742833800148219
0.00775846199830994
0.007858670805580914
0.007866166206076742
0.007249804202001542
0.007732161600142717
0.007261625793762505
0.007243503793142736
0.0077360891969874505
0.007722010998986661
0.008559051994234323
0.008547776006162166
0.00721581180114299
0.007269418996293098
0.007719078403897584
0.0077165264054201545
0.008880712010432034
0.007858659990597516
0.007728078996296972
0.007706202403642237
0.007756691402755677
0.007890425994992257
0.007228157797362656
0.007231097598560154
0.007710018998477608
0.00783381259534508
0.007742245402187109
0.007269392407033592
0.007709345396142453
0.007727743603754789
0.0077152149984613064
0.007868339598644525
0.008533697191160173
0.008530154591426253
0.007718780997674912
0.007850237004458905
0.007769964192993939
0.008559499599505216
0.008556231402326375
0.007882806390989571
0.008584004791919142
0.008597330993507058
0.00862061659572646
0.00774957980029285
0.007753316406160593
0.00787419939879328
0.00859456560574472
0.008667607803363352
0.007755207596346736
0.007763389789033681
0.007766900595743209
0.008586913207545876
0.0072657954064197835
0.007749757403507829
0.00787567460210994
0.00858437919523567
0.008614624803885817
0.007876263197977096
0.008568817598279566
0.007882107398472726
0.008576353406533599
0.007752747996710241
0.00791263320716098
0.007921600400004536
0.008574876200873405
0.007879922608844936
0.007776669994927943
0.007760598394088447
0.007892214797902853
0.007775644597131759
0.007894311600830406
0.007875018799677492
0.007880403194576502
0.00788190399762243
0.0077852322021499274
0.0077467737952247265
0.007749345200136304
0.007878401596099139
0.0078778353985399
0.007901754404883832
0.007768200791906566
0.008078221406321973
0.007745458197314292
0.007766763598192483
0.007771912007592618
0.007862140203360467
0.00860958939883858
0.007734785799402744
0.008577256195712835
0.007937719603069127
0.007746853807475418
0.007748968806117773
0.007251845998689532
0.008562623395118863
0.007753323600627482
0.007873735600151121
0.007740418403409421
0.007748776604421437
0.007771483401302248
0.007752459205221385
0.007903821207582951
0.007913698395714163
0.007874900999013335
0.007873446401208638
0.0072669638087972995
0.007252665597479791
0.007742994395084679
0.007872090197633953
0.007304966798983514
0.007791053992696107
0.007762371993158013
0.008568595594260842
0.007863966992590576
0.00859168979804963
0.008575513190589846
0.008576974202878774
0.007263129996135831
0.007742142805363983
0.007868761196732521
0.007895690400619059
0.00786837519844994
0.007768114795908332
0.007765186193864793
0.007760308205615729
0.00787905240431428
0.008579703408759087
0.008598577592056244
0.008553381403908133
0.008567079796921461
0.008568565594032407
0.0077527191955596205
0.007745268603321165
0.00857947199838236
0.007783097599167376
0.007253165799193084
0.0077393535990267995
0.007865053007844836
0.007747481600381434
0.0077732281992211934
0.007876923005096615
0.008577369397971778
0.007866833393927663
0.007868013402912766
0.00787280258955434
0.00857732059666887
0.008564311603549868
0.008581908396445214
0.008570092404261232
0.008598095003981144
0.008599113591481
0.008568278001621365
0.00786220859736204
0.0085772669990547
0.008598822599742562
0.007262853789143264
0.007754865800961852
0.007752351800445467
0.00773580881068483
0.007755452208220959
0.007759055600035936
0.007252360391430557
0.007752471603453159
0.00786144039593637
0.007855961797758937
0.007884788594674319
0.007873725600074977
0.007882352801971138
0.007855293003376573
0.00798668599454686
0.007857601204887033
0.0073855928028933706
0.007854266196954996
0.007993089396040886
0.007977155200205744
0.007988119800575077
0.007970940007362514
0.0086886279983446
0.008672864397522063
0.007974468800239266
0.007860524801071734
0.007897190400399268
0.007878273201640695
0.007991801400203257
0.007367572200018912
0.007869140792172402
0.007868821604643018
0.007996802008710802
0.007983587798662484
0.008698684000410139
0.008676583203487099
0.008694945799652487
0.008692210994195194
0.008686508995015173
0.007984685199335217
0.008710036193951965
0.008677369996439666
0.008672151190694422
0.007953426393214613
0.007998628204222768
0.007867395004723221
0.007859087001997977
0.00784237600164488
0.007882944389712066
0.007969492801930756
0.007979953999165446
0.00867525520734489
0.008690706605557352
0.007849146192893387
0.007973044400569052
0.008709879207890481
0.007976191397756339
0.00840884359786287
0.0078654476092197
0.008681032201275229
0.008681278000585735
0.00798625519964844
0.00868576659122482
0.007857199804857374
0.008679907000623644
0.007375596999190747
0.007980444806162269
0.00786514040082693
0.00786149580962956
0.007855865603778512
0.007862770603969694
0.007874753000214696
0.007853466004598885
0.007875155191868544
0.007976075203623622
0.007981656398624182
0.008697274792939424
0.007411416398826987
0.007863596407696604
0.007852972601540387
0.007841740199364722
0.007966146594844759
0.008039052598178387
0.007976400398183614
0.007974979397840799
0.008678369596600533
0.008690594602376223
0.008695530402474106
0.007365786808077246
0.007840808003675193
0.007379330403637141
0.007840222003869713
0.007965247402898968
0.007958319003228099
0.007845609809737652
0.007967564999125898
0.007860380003694444
0.00787887719925493
0.00797414060216397
0.008049694797955453
0.007865977403707803
0.007883409806527197
0.008070854400284589
0.008680916600860655
0.008670873392838984
0.00865474040620029
0.008670449594501407
0.008669674396514893
0.007855743798427284
0.008710523403715342
0.007876912201754748
0.008973914198577404
0.007989603001624346
0.007883403601590544
0.007897209201473743
0.007831324194557964
0.007772216002922505
0.007793195801787079
0.007797492993995547
0.007909265602938831
0.007904940005391835
0.00898946279194206
0.008613501593936234
0.0085964682046324
0.008599403605330735
0.008630326995626093
0.008603063609916717
0.008604191394988447
0.007342370599508286
0.007789758604485541
0.007774124399293214
0.007897000201046467
0.00795136479428038
0.007887669594492764
0.008611045405268669
0.007892933802213519
0.007780991797335446
0.007799889403395354
0.00777818919159472
0.008622900198679418
0.00789457579376176
0.00792330940021202
0.007951189402956516
0.00787653139559552
0.007934159797150642
0.00859306420898065
0.0077821157989092175
0.007888196397107094
0.00788420180324465
0.00795508800074458
0.007903464999981225
0.008605932397767902
0.007759151794016361
0.007763411407358945
0.008602731593418867
0.007774391595739871
0.007337545801419765
0.007773007999639958
0.008696253004018217
0.007846576208248735
0.007852343400008977
0.007320032804273069
0.008669664396438747
0.00797809399664402
0.00786987739847973
0.00797318919794634
0.008685991598758847
0.007861167006194592
0.007863360992632806
0.008681411808356642
0.007978624803945423
0.008683703001588583
0.00785923779476434
0.00784020780120045
0.007874634594190865
0.007971661002375185
0.007972551404964178
0.008666321798227728
0.007399427390191704
0.008659521793015301
0.007863784802611917
0.008667305996641516
0.007848770800046622
0.007970042794477194
0.007851974992081522
0.007865425792988389
0.007848091598134488
0.007982271804939956
0.007972107001114637
0.007966827601194382
0.007855200197082014
0.007767155999317765
0.007781996601261198
0.007881775009445846
0.007768600201234222
0.008605348994024098
0.007870773400645703
0.00786463099066168
0.00788989559514448
0.00786557380342856
0.008680025802459568
0.008678378199692815
0.0073620483977720145
0.007959893008228391
0.007987681601662189
0.007989486202131958
0.007355815195478499
0.007846100197639316
0.007868437806610017
0.007957757008261979
0.008675969194155187
0.008662685996387153
0.007977314200252295
0.008675516198854894
0.007853125396650285
0.008674708602484316
0.00866898320382461
0.007981660589575768
0.007980748196132481
0.007973070594016463
0.008667632401920856
0.00787156680598855
0.007854335790034384
0.00798407580005005
0.007883915002457798
0.00797837960999459
0.008295237191487104
0.00784549800446257
0.007848746399395168
0.007842262205667794
0.007991321792360395
0.00786035619676113
0.007847931201104075
0.007967983197886497
0.0073536031995899975
0.007855686196126043
0.007880687003489584
0.007976109208539129
0.007847841596230865
0.007850543200038373
0.007844285608734935
0.00868413959397003
0.007862390798982233
0.00798342920606956
0.00785522919613868
0.007364233199041337
0.008684342610649765
0.007853166002314537
0.00787977739237249
0.007955180597491562
0.007877041411120445
0.007853556599002331
0.007888247806113214
0.007906724198255688
0.00785254939692095
0.007974689407274128
0.007996227603871375
0.007983565202448518
0.007997217797674238
0.008695098804309964
0.009031435998622328
0.007978102401830256
0.007978021202143281
0.008705468999687582
0.008673751202877611
0.007862865598872304
0.007996483403258026
0.0079723738017492
0.007895596395246684
0.007977969199419021
0.007992652396205812
0.007888877997174859
0.007991634402424097
0.007989323604851961
0.007861951598897576
0.007876795995980502
0.007877931999973952
0.008686935808509589
0.008754773391410708
0.007982349197845906
0.008691985998302698
0.007864003209397197
0.007876746798865497
0.007840747793670744
0.008683959604240954
0.008667899190913885
0.008689568808767945
0.00786486139986664
0.007978041796013713
0.007862782990559935
0.007958479993976652
0.007866866793483496
0.00799138240981847
0.007869036600459367
0.007873316400218756
0.007758905400987714
0.00786673059919849
0.007737680594436825
0.00773890819400549
0.00857914260122925
0.008576744596939533
0.007786829001270234
0.00785581540549174
0.0077363634016364815
0.008593668602406979
0.007864529406651855
0.007778510800562799
0.0077643950004130605
0.007749342999886721
0.007758853794075549
0.00788342379964888
0.007767911604605615
0.007864940795116127
0.007871706807054579
0.007984688400756567
0.008330360997933894
0.007364582794252783
0.007984340994153172
0.007968540000729264
0.007882206200156361
0.007886031409725547
0.007903191004879772
0.007891731592826546
0.007970189210027456
0.007866337790619581
0.007875416392926127
0.008673786208964885
0.007981195009779184
0.007980385806877165
0.007986429403536022
0.007877314602956176
0.007879967393819243
0.007988930202554912
0.008689075405709446
0.008731763798277826
0.008704005996696651
0.007975803001318126
0.007991369999945163
0.007972391799557953
0.007865091797430068
0.007982977805659175
0.00788803780451417
0.007871610403526574
0.007993088604416698
0.007988950202707202
0.007982211210764945
0.007985272794030607
0.007854682393372059
0.007872887596022338
0.007850503793451934
0.007848490797914564
0.007880187802948057
0.007895599398761988
0.007891848997678608
0.007991050800774247
0.007895815197844058
0.007886861392762512
0.008007531194016338
0.007981260190717876
0.007988162396941334
0.00798291559331119
0.007990482996683567
0.007987560401670635
0.007983118598349392
0.00797336919931695
0.007993499597068876
0.007990545604843646
0.007972276397049427
0.007365106802899391
0.0073616634006612005
0.007871299004182219
0.007869054994080216
0.007982535404153168
0.007860201806761325
0.008000583399552851
0.008706564793828874
0.008700520801357924
0.008695325604639948
0.007977185596246272
0.00868608420714736
0.009071145404595882
0.00868934819009155
0.007998070004396141
0.00786719579482451
0.007863773801364004
0.007883388199843466
0.007895590807311236
0.007986581197474151
0.007890359801240265
0.007863662403542549
0.008716785802971572
0.008677310810890048
0.007976173795759678
0.007869166601449252
0.007974947395268828
0.007986093789804726
0.007911612594034523
0.007812638999894261
0.00779441740596667
0.007795294199604541
0.008610949595458805
0.007286352396477014
0.007802006998099386
0.007785480807069689
0.007906718994490802
0.007922820805106312
0.007807606202550233
0.007907463796436786
0.007334668608382344
0.0078083966043777766
0.007289084792137146
0.008627810596954078
0.00778380420524627
0.0077818477991968395
0.007990139198955148
0.007768579397816211
0.007781004998832941
0.007780939806252718
0.007788904593326151
0.00790483020246029
0.008606641204096377
0.007791825593449176
0.007771343400236219
0.007783266203477979
0.007903142797295004
0.007782216800842434
0.008602789603173733
0.007790832407772541
0.0077763881999999285
0.007907625392545015
0.007798803003970534
0.007895015401300044
0.0077956425957381725
0.0077700125984847546
0.007904466800391674
0.007898598408792168
0.008599727193359285
0.007901924208272248
0.00790055199759081
0.008609186601825058
0.007784124999307096
0.00779884239891544
0.007817917398642748
0.007929001993034035
0.008598743600305169
0.008140516001731157
0.00860707659740001
0.007918414601590484
0.008023047004826367
0.00789973719511181
0.007894900604151189
0.008627999795135111
0.007907204597722739
0.007765771995764226
0.008600467804353685
0.007281693804543465
0.007763525401242077
0.008692405803594738
0.007777978398371488
0.007777251803781837
0.0077741811983287334
0.007773056393489242
0.007915254402905702
0.007908263592980802
0.007918664196040481
0.007912006392143667
0.007924980600364506
0.007803167798556387
0.007922617194708437
0.007781292195431888
0.007915029197465628
0.007904818397946656
0.007917552790604531
0.007807634607888758
0.007867267995607108
0.007799148210324347
0.0078051583957858385
0.007913468009792268
0.00791336699621752
0.00790663859806955
0.00793799819657579
0.007917448808439077
0.007779785804450512
0.008705193595960736
0.007777508406434208
0.007902136002667249
0.00791250979527831
0.007906205195467919
0.007804314000532031
0.0073353481944650415
0.008605632197577507
0.008683510601986199
0.007896740606520325
0.007790748996194452
0.007792491000145674
0.00777117219986394
0.0078080966020934285
0.007826076995115727
0.007916674599982798
0.007921803405042737
0.007891912001650781
0.007880425208713859
0.008597580203786492
0.007306995801627636
0.007805569597985595
0.007736603799276054
0.008597992395516485
0.007766852399799973
0.007849858596455307
0.008539675001520664
0.007236651796847582
0.008565807400736957
0.008546876604668796
0.007752213592175395
0.007744801801163703
0.007744556409306824
0.00778891600202769
0.007857021398376674
0.007745656394399702
0.008003724401351064
0.007997129205614328
0.008687520399689674
0.007868820789735765
0.007876021403353662
0.007989348995033651
0.007873072393704206
0.007863232598174364
0.007992571406066417
0.007868866808712483
0.008681835397146643
0.007860391400754452
0.007883085601497442
0.007879614795092494
0.00788012919947505
0.008003273408394306
0.007875199592672289
0.008723127003759146
0.007382457202766091
0.008685574401170015
0.007856420800089836
0.008690921997185796
0.007984944595955312
0.00870382779976353
0.008693511609453707
0.007371378608513624
0.007987733406480402
0.007384593796450645
0.008000271406490355
0.00787498279241845
0.007980372000019997
0.007885679206810891
0.007891428994480521
0.007873066607862711
0.00786638759309426
0.007857106602750718
0.007874760997947306
0.007866599399130791
0.007870154804550111
0.007889961800538003
0.007995494804345072
0.007995901606045663
0.008061571791768075
0.008691603399347514
0.00799410839099437
0.007990311598405242
0.007993775606155395
0.007888767193071545
0.007366071199066937
0.007994598394725471
0.007865159993525595
0.007883127999957652
0.00788723980076611
0.007895331003237516
0.00786152739310637
0.007874344801530242
0.007997408194933086
0.008701473998371512
0.00785496800672263
0.007858366996515542
0.0074123403988778595
0.007838554005138576
0.008660822792444378
0.008656595204956829
0.008655914408154785
0.0078356041922234
0.007879688392858953
0.007878847199026495
0.008680922002531588
0.007844885799568147
0.007991785195190459
0.007877237605862319
0.00798492239555344
0.00799126080237329
0.007857171609066427
0.007857873395550996
0.007891481602564454
0.007886864803731441
0.008697426598519086
0.008694360591471195
0.007867734390310943
0.007873233791906386
0.007868114800658077
0.007900842605158687
0.007889126997906715
0.00798979919636622
0.00735829119803384
0.007979789597447962
0.007857867400161922
