average_runtime 0.002143738299817778
0.002154139010235667
0.0021412244066596033
0.0021467786049470306
0.0021431321976706384
0.00209047079551965
0.0020774194039404393
0.002088006993290037
0.002131838200148195
0.0021371365990489723
0.002139057801105082
0.0020875273970887066
0.0021295972052030264
0.0021401562029495836
0.0021273524034768343
0.0020812152069993317
0.002074261603411287
0.0020849253982305528
0.002134892006870359
0.002130525594111532
0.0021280730026774107
0.002086550195235759
0.002079254190903157
0.0021273934049531817
0.0020767175941728056
0.002125860401429236
0.0020933373947627843
0.0021303992019966246
0.002085168601479381
0.002142276195809245
0.0020996528095565737
0.0020974901970475914
0.002087905001826584
0.002136895596049726
0.002084190398454666
0.0020867262035608293
0.0020801629987545313
0.0020937080029398204
0.0020831226021982728
0.002133142598904669
0.002082735998556018
0.0020872763940133154
0.002079171594232321
0.002133997995406389
0.0021307696006260812
0.002459945809096098
0.0020777951925992967
0.002116627397481352
0.0021271149977110325
0.002093236008659005
0.0020802288083359597
0.0021272835903801022
0.0020790786016732453
0.0020894904038868843
0.0020849306019954383
0.0020767175941728056
0.0020750127965584396
0.0020835256087593733
0.0020779309910722078
0.002078637003432959
0.002071094198618084
0.0020794634008780124
0.002081100200302899
0.0020830224035307764
0.0020965612027794124
0.0020966985961422325
0.0020833840011619032
0.002104647597298026
0.0020940094022080303
0.002088382001966238
0.0020915779983624815
0.002141371998004615
0.0023184782010503115
0.002099867805372924
0.002145097590982914
0.0021008491981774568
0.0021411689929664137
0.0020886206068098543
0.002139183797407895
0.0021019364008679985
0.0020990539924241602
0.0021024250076152385
0.0020943767973221838
0.002103764994535595
0.0021448579966090618
0.0021018569939769806
0.0020997058018110693
0.0020998819964006543
0.0021516826003789903
0.0021445150021463634
0.0020944224088452756
0.002098548004869372
0.002093597606290132
0.0021072271978482605
0.0021025210036896167
0.002110380004160106
0.002107102202717215
0.0021063122083432974
0.002161196805536747
0.0020999934058636427
0.002095426805317402
0.002154394402168691
0.002105962997302413
0.002152429206762463
0.0021444360027089715
0.0021523264003917575
0.0021529234014451503
0.002100618404801935
0.0021484603988938034
0.002158047608099878
0.0021061735926195977
0.002142658596858382
0.0021024005953222515
0.0021366392029449344
0.00213808260159567
0.0021446031983941793
0.002100598404649645
0.0021541369962505994
0.002094606799073517
0.002105231396853924
0.0021041375934146346
0.002118107001297176
0.0021614965982735155
0.002122333599254489
0.0021085959975607692
0.002118376607540995
0.0021291688084602357
0.0021173943998292087
0.0021630899980664255
0.0021211397950537505
0.0021242003887891768
0.0021718724048696457
0.002118854399304837
0.00212497339816764
0.0021183962002396584
0.002166277600917965
0.0021592846023850143
0.002119843801483512
0.0021679123979993164
0.002163904602639377
0.0021638202015310526
0.0021694271941669284
0.0021635686047375203
0.0021566138020716608
0.0021654592012055216
0.002171961800195277
0.0021566202049143612
0.0021680839941836893
0.002168339199852198
0.0021702868049032985
0.0021164767909795045
0.0022066649980843067
0.002154751401394606
0.0021214343956671654
0.0021619320032186806
0.002202459401451051
0.0021605453919619324
0.002171397802885622
0.0021200160030275584
0.0021684328094124794
0.002165217394940555
0.002165862009860575
0.0021258716005831957
0.002119401399977505
0.0020767364068888126
0.0020933300023898483
0.0020752982003614307
0.0021367421955801546
0.002129612595308572
0.002086275804322213
0.002128886606078595
0.0020829753950238226
0.0020815205993130804
0.0020762253901921214
0.0021250567981041966
0.0021322297980077565
0.0021329196053557096
0.002122518001124263
0.0021088671986944974
0.00215804660692811
0.0021301595959812404
0.002130982792004943
0.0021252091974020004
0.002083078201394528
0.002081768005155027
0.0021268616081215443
0.0021260848036035894
0.002088331594131887
0.002083424595184624
0.0020904065924696623
0.0021232574013993143
0.002146141801495105
0.002133696200326085
0.002132779802195728
0.002073791204020381
0.0021343045984394847
0.0020768296089954674
0.002129012602381408
0.002085148403421044
0.0021385942003689707
0.0020819870056584477
0.002082402596715838
0.0020848919986747204
0.0020886683952994643
0.00213154359953478
0.0021391204092651604
0.0021293504047207533
0.0020848055952228605
0.0020841186051256955
0.0021326766000129282
0.002131418394856155
0.002140545391011983
0.00212648919550702
0.002088553609792143
0.002084266999736428
0.0020926599972881377
0.002134382806252688
0.0021232762024737894
0.0021224412019364538
0.0020897935959510506
0.0020911137922666966
0.002128207206260413
0.002139339002314955
0.002143983799032867
0.0020882142009213565
0.0021285156020894648
0.002134468394797295
0.002132822398561984
0.0020822777994908394
0.0021300590015016496
0.0020766117959283292
0.002088060404639691
0.002142081200145185
0.0021339624072425067
0.002133966004475951
0.0021337031968869267
0.002130375197157264
0.0021425351966172456
0.0021346529945731165
0.002104261389467865
0.002144678996410221
0.0021386382053606213
0.002140597195830196
0.0020918258000165225
0.002084456000011414
0.00209102900698781
0.0020846655941568317
0.002094894810579717
0.002087520994246006
0.0021378032048232853
0.0021297405939549206
0.0020833834074437617
0.002085619792342186
0.0020842209924012423
0.002086062601301819
0.0021341271931305528
0.0021250979974865914
0.002087408408988267
0.0020910135935992002
0.0020884604076854885
0.002125911402981728
0.0024539056001231076
0.002095232799183577
0.0020957955974154176
0.0021402757964096965
0.0021369380061514675
0.0020940213929861785
0.002090011409018189
0.0020843775942921638
0.002437903790269047
0.002132640196941793
0.002143905800767243
0.002135484199970961
0.0020990065997466443
0.002126316400244832
0.002142627805005759
0.0021286420058459045
0.0021377063938416542
0.0021353629999794066
0.0021362136001698675
0.0021283266018144787
0.002139745804015547
0.002079016203060746
0.0020801997976377606
0.002126595994923264
0.002133752394001931
0.0021343222004361452
0.0020888417959213255
0.002089191600680351
0.002091696404386312
0.002127089409623295
0.00209062120411545
0.002077269006986171
0.002135898603592068
0.002204690396320075
0.0021355275996029375
0.0027764619910158215
0.002132980606984347
0.0021333152079023423
0.0021429529995657505
0.002081149001605809
0.0021585377980954945
0.0021586851915344598
0.0021659106016159056
0.0021550424047745765
0.002172967197839171
0.002099852601531893
0.0026552841998636724
0.0021582462009973823
0.0021630040020681916
0.002161362394690514
0.0021538092056289314
0.0021593636018224062
0.0021690905909053982
0.0021138482028618456
0.0021274539991281926
0.0021687660017050804
0.0025923576089553536
0.0021632489981129764
0.0021224281983450053
0.0021077107987366615
0.002113366802223027
0.0021497011999599635
0.0021650905953720214
0.0021506372024305163
0.0021573939942754806
0.0021028280025348067
0.0025146874017082156
0.002158943598624319
0.002113710797857493
0.00210968799656257
0.0021093304036185145
0.002145640796516091
0.0021205026074312626
0.00215712720528245
0.002111536602023989
0.00211429160553962
0.002836332598235458
0.0021113770082592962
0.002199369401205331
0.002160139393527061
0.002160732599440962
0.0021524981944821774
0.002106553199701011
0.0021161344018764796
0.0021103077917359768
0.002145289606414735
0.0021184770041145383
0.0021637459984049203
0.0021558128064498305
0.0021481906063854695
0.002915703598409891
0.002130743395537138
0.002124193194322288
0.0021458257921040057
0.0020855601993389427
0.0020868849940598013
0.0021397206000983715
0.0021424210048280657
0.002145603799726814
0.0021403986029326916
0.002145415998529643
0.0021447753999382256
0.002144040004350245
0.0021338394028134642
0.0021427010069601238
0.0021377661963924766
0.0021370927919633687
0.0021411138004623353
0.002086332207545638
0.00209394299890846
0.002143959002569318
0.002097513200715184
0.00210008459398523
0.0020929745980538426
0.002146222605369985
0.0020927862031385304
0.002148021396715194
0.0024903589976020156
0.0021443002042360604
0.002137811598367989
0.002141078608110547
0.002143643400631845
0.002138281799852848
0.002129892201628536
0.0021492321975529194
0.002143324806820601
0.002145581995137036
0.002488443802576512
0.002139144798275083
0.0021371225942857564
0.0021342349937185645
0.002132138202432543
0.0020952997962012886
0.0020953699946403503
0.002095478994306177
0.0020852475892752407
0.0020907834055833518
0.0020927984034642575
0.0020941784023307264
0.002099370409268886
0.002090266800951213
0.0020966276060789824
0.0020999080035835503
0.002133765595499426
0.0020924992044456304
0.0020860658027231694
0.0021408142056316137
0.0020892828004434707
0.0020916401990689337
0.002081774396356195
0.00215052820276469
0.0021528934012167156
0.002154339000117034
0.0021469169994816186
0.0021341465995647012
0.002129701408557594
0.0021280174027197064
0.0020861427998170256
0.002137747802771628
0.0021371011971496046
0.0021328069968149068
0.002082208008505404
0.0020983068039640783
0.0020821569953113793
0.002135265595279634
0.0021349677932448684
0.0021642173989675937
0.002123650803696364
0.0025125241954810917
0.0021602542023174466
0.0021488385973498225
0.0021650868002325296
0.002111842797603458
0.00210600639693439
0.002113865991123021
0.0021106288069859145
0.0021294931997545064
0.0021123938029631974
0.0024800368002615867
0.0021157002076506613
0.0021710064029321074
0.002215163595974445
0.002172641002107412
0.0021694800001569093
0.0021764560020528733
0.0021179993986152113
0.0021644481923431156
0.0021624785964377224
0.0022484173998236654
0.00217313600005582
0.002120937197469175
0.0021677293931134044
0.002160197193734348
0.00216319200117141
0.0021629009977914395
0.002116928796749562
0.002158079808577895
0.002105289197061211
0.002161446202080697
0.0021124044083990156
0.0021233825944364073
0.002163732994813472
0.0021183368051424624
0.0021676480071619155
0.0021107007982209326
0.002101886388845742
0.002161573607008904
0.0021500605973415075
0.0021510744001716374
0.002111986803356558
0.002117222989909351
0.0021062440006062388
0.002078238595277071
0.002157504006754607
0.0021276343963108958
0.002595159993506968
0.002166308998130262
0.0021658422076143323
0.0021726924111135303
0.0021665887907147408
0.0021206078003160656
0.0021109240013174714
0.0021300311898812653
0.0020804689964279534
0.0021314887912012638
0.002128068800084293
0.002139414590783417
0.0021581762004643677
0.0025679395999759435
0.00216335040749982
0.002166428801137954
0.0021548060001805426
0.002133825398050249
0.002118721802253276
0.002158607996534556
0.002158268797211349
0.0021594229969196022
0.002159282600041479
0.0021672387956641614
0.0021517532062716783
0.0021203899988904594
0.002161042590159923
0.0021515767904929815
0.002153153601102531
0.002167093800380826
0.0021125399973243473
0.0021639904007315636
0.0021625058026984332
0.002115210401825607
0.002113616594579071
0.0021609565941616894
0.0021509543992578985
0.002147816598881036
0.002155875402968377
0.0021552187972702086
0.0021570010110735895
0.002166357997339219
0.002156879799440503
0.0021559356013312937
0.002167216606903821
0.002105081791523844
0.0021630759933032096
0.002121929998975247
0.0021589549956843256
0.002167719602584839
0.002157940005417913
0.0021600799984298645
0.002159484406001866
0.0021233179955743252
0.0021589763928204775
0.002117046806961298
0.0021518005989491938
0.0021605513989925384
0.0028247484005987644
0.00216873720055446
0.002162432798650116
0.002162408409640193
0.0021533623919822277
0.002117835998069495
0.0021789534017443656
0.0021652169991284607
0.0021624638000503184
0.0021585932001471518
0.002162736398167908
0.0021130103967152538
0.00212383980397135
0.00216341819614172
0.002176243206486106
0.0021233573905192317
0.0021234932006336748
0.0025488846004009247
0.0021225364063866435
0.0021192788030020893
0.0021099032019264996
0.0021691153990104793
0.002162918203976005
0.0021265438059344887
0.002157552994322032
0.002162554406095296
0.0021135024027898906
0.0021144614089280366
0.0021520740003325043
0.0021637648111209272
0.002156667993403971
0.0020968877943232656
0.0020895594032481314
0.0021396180032752453
0.002130696992389858
0.0021244329982437193
0.0021245818003080784
0.002081168000586331
0.0021259229979477823
0.0021335483994334935
0.0021267253905534744
0.0020805342006497084
0.0021256463951431215
0.002095804794225842
0.0021212367922998966
0.002092819195240736
0.0021481767995283007
0.0021317570004612207
0.0021642979932948946
0.002118405804503709
0.0021553275990299882
0.0021642512059770525
0.002161110402084887
0.0021613444085232915
0.0021634800010360777
0.0021091831964440643
0.00210603300947696
0.002159960602875799
0.0021590798045508564
0.00250765000237152
0.002152263396419585
0.0021177066024392842
0.002155060600489378
0.0021621376043185593
0.0021489321952685714
0.002110230003017932
0.0021076777949929236
0.0021614764002151786
0.002166408603079617
0.002167315990664065
0.0021585999988019467
0.002157250407617539
0.0025285307900048794
0.0021170735941268503
0.0021619466017000375
0.0021660512080416082
0.00215920580085367
0.0021624916000291703
0.0021490824059583248
0.002161856007296592
0.002157534402795136
0.002114436205010861
0.0021523160045035183
0.0020984824048355223
0.0021526323980651796
0.0021568310097791255
0.002110600599553436
0.0021030660020187495
0.002101165195927024
0.002122201200108975
0.0020792484050616623
0.0020864863996393978
0.0021298064035363494
0.0020702376030385496
0.002091209799982607
0.0021523204050026834
0.00214016119716689
0.002101199992466718
0.002097094606142491
0.002095680800266564
0.002141397597733885
0.0020968516007997097
0.00213662579189986
0.0021015684003941716
0.002081122004892677
0.0021315332036465407
0.0020848326035775243
0.002083135198336095
0.0020828220061957837
0.0020795995951630175
0.0020891093998216094
0.0021359972073696555
0.00212295240489766
0.0020883021992631257
0.002110497804824263
0.002157752402126789
0.0025072699994780124
0.0021452890010550617
0.0021183341974392532
0.0021191089996136724
0.002150458609685302
0.002157358406111598
0.0021429475978948175
0.002153537201229483
0.002094723598565906
0.002146186796016991
0.0021549716009758415
0.002177459793165326
0.0021549917990341784
0.0028353350004181265
0.0021530234022065996
0.0021612355951219795
0.0021595377940684555
0.0021122713922522964
0.0020946889999322593
0.002096422598697245
0.0021482673939317463
0.002151655801571906
0.0021427945932373403
0.0021478138049133124
0.0021027427981607618
0.0021104221930727364
0.002102082199417055
0.002165867399889976
0.002809347992297262
0.0021647457964718343
0.0021095008007250724
0.002152000810019672
0.002094337809830904
0.002148435194976628
0.00210454820189625
0.0021460662013851107
0.0020934772095642985
0.002092229400295764
0.002139236801303923
0.0021466764039359985
0.0020933654042892156
0.0021037727943621575
0.002139624394476414
0.002149270405061543
0.0020942423958331346
0.0025476983981207015
0.002101086196489632
0.0021357381949201224
0.0021475838031619785
0.002109497401397675
0.00210690499516204
0.002112253406085074
0.0020924767944961787
0.0021575631923042237
0.002165574789978564
0.0021581901935860516
0.0021581941982731223
0.0021582450019195674
0.002156816003844142
0.002122562192380428
0.002160198800265789
0.0021685515996068714
0.0025708865956403314
0.0021189481951296328
0.0021665347972884773
0.0021292107994668186
0.002113434998318553
0.0020635792054235933
0.0020754265948198735
0.002130927809048444
0.0021293586003594102
0.0021260456065647303
0.0021178505965508522
0.002120817999821156
0.002159446000587195
0.002154094399884343
0.0021551121957600118
0.0021733509958721696
0.0021223722025752066
0.0024669946054928006
0.002122352598235011
0.0021553443977609275
0.0021056342055089773
0.0021570925950072707
0.0021492102066986265
0.002119357604533434
0.0021655653952620925
0.0021597360027953982
0.002168174588587135
0.002162095997482538
0.002113221795298159
0.0021197063964791597
0.0021142772049643098
0.002120351593475789
0.0021602007909677923
0.00216769800754264
0.002165395801421255
0.0021647550049237905
0.0021616262034513055
0.00217843079008162
0.0021581366076134146
0.0021620354033075272
0.0021790586062707005
0.0021693043992854653
0.002158578601665795
0.0021645791945047676
0.00211643559159711
0.002118813607376069
0.0021080653998069463
0.0021089780027978124
0.0021078243968077003
0.0020696128020063044
0.0020734961959533393
0.002076550596393645
0.0020799242076463996
0.002121502603404224
0.0028011925984174012
0.0021105939988046883
0.00210980239789933
0.00211936819832772
0.0021183146047405897
0.0021174706052988768
0.0021155419992282985
0.0021241114009171724
0.0021157921990379693
0.00212105899117887
0.002064079197589308
0.002074361592531204
0.0021140967961400746
0.0021351678064092995
0.0021343447966501116
0.0021327355992980302
0.0020779145997948945
0.0021306906011886893
0.002128273202106357
0.002133445197250694
0.002100109402090311
0.002541925001423806
0.0021511354018002747
0.002135022007860243
0.0020840264041908085
0.0021057054051198064
0.0021487261983565986
0.002138949593063444
0.0020888836006633937
0.00209076760802418
0.002081380796153098
0.0021712417947128415
0.0021574778016656636
0.002164334803819656
0.002160344598814845
0.0020760958082973956
0.0021203064010478557
0.0020793345989659428
0.002114527195226401
0.00208534220000729
0.002075693407095969
0.0021168641978874803
0.0020796703989617526
0.0020779298036359252
0.0020783158019185067
0.0020781068014912307
0.0021266370080411435
0.002120137203019112
0.0021180203999392687
0.002098988997749984
0.0020957260043360294
0.0021457997965626417
0.002100200206041336
0.002139498002361506
0.002093478792812675
0.002449277404230088
0.0021317823906429113
0.002146182197611779
0.002144520403817296
0.0021373739931732417
0.00208595700096339
0.0021399485995061696
0.002133469399996102
0.0021407595952041445
0.0021284100017510354
0.002140692598186433
0.0021401083911769094
0.0020948337973095477
0.0021307104034349322
0.0021476996014826
0.0021361691993661224
0.0021447307895869016
0.0020905619952827693
0.0021442648023366926
0.002134982997085899
0.0021538712084293366
0.0021475372021086516
0.0021567433956079184
0.0021510799997486174
0.002158472395967692
0.002095753198955208
0.0021616867976263165
0.002103790803812444
0.0021042251959443093
0.0021489023929461837
0.0021036959951743484
0.0021123962011188268
0.002118942595552653
0.00210621360456571
0.0021505581913515925
0.0021528112003579734
0.0021516961976885797
0.002152866800315678
0.002147633000276983
0.0021605930058285596
0.0021499634021893144
0.0021005064016208054
0.0021505119977518914
0.002149750804528594
0.0021249552024528383
0.002126770792528987
0.002126542397309095
0.002124198793899268
0.0021311810007318853
0.0021139575983397663
0.002486407198011875
0.0021163025987334548
0.0021154118003323674
0.002114336809609085
0.002076165401376784
0.0021325487992726266
0.002087203203700483
0.002132539392914623
0.002123916998971254
0.002121416199952364
0.00213549219770357
0.00207574920495972
0.0021321316016837955
0.0021286447998136284
0.0021350795985199513
0.0021298688021488487
0.0020803582039661704
0.002433551591821015
0.0021358791971579196
0.0021360106067731975
0.002135448600165546
0.0021257892018184065
0.0021292610093951226
0.002127390808891505
0.002133479400072247
0.0020698355976492165
0.002085139788687229
0.0020820343983359636
0.0021255886065773668
0.0021242495975457134
0.0021868200041353703
0.002153065404854715
0.0021075249998830257
0.00216768819373101
0.0025317299994640054
0.002151935605797917
0.002166285994462669
0.002111896395217627
0.0021618589991703628
0.0021670727990567686
0.002116683800704777
0.002280812803655863
0.0022064169985242187
0.0021447821985930205
0.002118711406365037
0.002114972402341664
0.002162334800232202
0.002108852402307093
0.002110315195750445
0.0021617977996356784
0.0021106029977090656
0.002847403404302895
0.0021156394039280714
0.002116677595768124
0.002123063209000975
0.002104063204023987
0.0021657485980540515
0.002432222606148571
0.002151158591732383
0.00211631020065397
0.002164905599784106
0.002103295596316457
0.0021570074022747576
0.0021634984062984587
0.0021677635959349573
0.002145167801063508
0.002118244592566043
0.002155016199685633
0.002113433391787112
0.002154252608306706
0.002160210791043937
0.002164996589999646
0.0021674524061381815
0.002158838603645563
0.0021178583963774146
0.0021162958000786602
0.0021067084046080707
0.0021165448008105157
0.002122579189017415
0.0021209306083619594
0.0021210726001299916
0.0021659545949660242
0.0021616362035274507
0.0021560693974606695
0.002169003197923303
0.002152983599808067
0.0021636169985868037
0.0021720034070312976
0.002164305397309363
0.002117146993987262
0.002163248392753303
0.0021140167955309153
0.0021232982049696147
0.0021657685982063414
0.0021751088090240954
0.0021103358012624085
0.0021243760013021527
0.002159543999005109
0.0021678649936802685
0.0021145479986444116
0.0021024207933805885
0.002105507196392864
0.002125676593277603
0.002156996598932892
0.0021589588024653493
0.002164887194521725
0.0021246065967716276
0.0021075054071843626
0.0021229646052233877
0.0021722457953728736
0.002113083400763571
0.0021656541968695818
0.002157120604533702
0.0021584484027698638
0.0021848154021427034
0.0021129567991010844
0.002110194799024612
0.0021634388016536833
0.002172271010931581
0.002153160807210952
0.0021635500015690923
0.0021215898101218044
0.002124168595764786
0.0021304494002833962
0.002165539807174355
0.0021601542015559972
0.0021561629953794183
0.0021056463941931725
0.002172659197822213
0.0021192646003328265
