average_runtime 0.007840772638621275
0.007921946002170444
0.008928513596765697
0.007881818595342338
0.008257172803860157
0.0073548229993321
0.007628874201327562
0.007207584008574486
0.007854488806333392
0.008360790798906236
0.007887543400283904
0.00734978960826993
0.00793513839598745
0.007912980404216795
0.009040856792125851
0.007286673202179373
0.007247979205567389
0.007238498202059418
0.008115014003124088
0.008528110792394728
0.008579506201203912
0.0074132742010988295
0.007125264196656644
0.007840584602672607
0.00757931920234114
0.008858490001875908
0.007524892804212868
0.007927410991396756
0.00772890179650858
0.007995236408896744
0.007214937009848654
0.006882600800599903
0.007344651594758033
0.008307567809242754
0.0073214280069805685
0.00740765540394932
0.007660747400950641
0.007289392605889589
0.00718585419235751
0.00818957299925387
0.007137497409712523
0.00700346459634602
0.007764907996170222
0.007724846003111452
0.008072430198080838
0.0072207751916721465
0.007344643597025424
0.007865093392319977
0.007768009405117482
0.007611645397264511
0.007706800999585539
0.008023944008164108
0.007285998004954308
0.007177571405190974
0.007158793194685131
0.00736749580828473
0.0069180160062387586
0.007513194810599089
0.007458392798434943
0.007178513798862696
0.007665852992795407
0.00721415439620614
0.007054621004499495
0.007399406400509179
0.007822078792378307
0.007746242801658809
0.007259846001397818
0.007404816208872944
0.007598128798417747
0.00729572280542925
0.007921907992567867
0.008807896403595805
0.007370313396677375
0.007374548399820924
0.008537436206825077
0.0074146845960058275
0.008440014405641705
0.007456358207855373
0.008208234200719745
0.007209851604420692
0.007549620606005192
0.007415982196107507
0.007636856392491609
0.007491078600287438
0.00769405000610277
0.007587106397841126
0.00762298220070079
0.007342057197820395
0.008258936996571719
0.00891296740155667
0.007112901599612087
0.0070033950032666326
0.007019436196424067
0.0074994696071371434
0.0072851598029956225
0.007269761397037655
0.007812379603274166
0.007082727993838489
0.008202202804386615
0.00742819900624454
0.007198426604736597
0.007831864000763744
0.007120262202806771
0.007913086994085461
0.00904726639855653
0.008110388601198792
0.00970189580693841
0.0068013863987289366
0.007957229798194021
0.007678523391950876
0.0073815578012727204
0.008033951406832784
0.007607482396997512
0.008021737996023149
0.0077239969978109
0.007687544601503759
0.007257810200098902
0.007998043007683009
0.007128918392118067
0.00768540360732004
0.00747781740501523
0.007628456398379058
0.007687266799621284
0.007598995405714959
0.007226528192404658
0.007251940795686096
0.007398310804273933
0.007391127396840602
0.008137686795089394
0.007564205199014395
0.007241734396666288
0.007699797803070396
0.007216397195588797
0.007259617606177926
0.0075763822067528965
0.007905880396720022
0.008389245206490158
0.007236614997964352
0.007881240593269468
0.007837902009487151
0.00789954320061952
0.007910132803954185
0.007829021802172065
0.00812929420499131
0.00783146999310702
0.008158355206251144
0.008072404190897942
0.008353444398380816
0.008274042408447712
0.008332677604630589
0.0067601813934743404
0.010858005797490477
0.008305124996695668
0.006402267806697637
0.007640728796832264
0.0077750621945597235
0.007937601604498922
0.008002580399625004
0.007857421599328517
0.007826804998330772
0.008058570604771376
0.00816456499742344
0.008030791010241956
0.007713531202170998
0.007267405395396054
0.0069546208018437024
0.0072440400021150705
0.007989661593455821
0.007752388797234744
0.007682594598736614
0.007796842802781612
0.006865529599599541
0.007054895395413041
0.007438024191651493
0.007748787594027817
0.008053861791267991
0.008049580408260227
0.008512501802761108
0.009093457006383688
0.00901637199567631
0.008865400997456164
0.008868698589503765
0.0077704577939584855
0.007405139598995447
0.007497077400330454
0.007963113207370042
0.00800284140277654
0.0074566556024365125
0.007473547803238034
0.007533000793773681
0.008033647399861366
0.007814420002978295
0.008487431402318179
0.008080203202553093
0.007100980600807816
0.00770545459818095
0.007575310592073947
0.007709306199103594
0.007610047201160342
0.007866639597341418
0.007195061596576124
0.007325442600995302
0.007712641591206193
0.007554760400671512
0.008038170402869582
0.008302719402126967
0.008177414198871701
0.007622347411233932
0.007647662993986159
0.007934337796177715
0.008011035004165024
0.007860447594430298
0.008399683190509677
0.007511432806495577
0.007016003201715648
0.007300495798699558
0.00785542760277167
0.00791647139703855
0.007965034199878573
0.007452759600710124
0.007743338798172772
0.00874923459487036
0.008583882008679211
0.009391455596778541
0.007563886395655572
0.007914004602935166
0.008121790399309247
0.00787675379542634
0.007181968400254845
0.008191494597122073
0.0072805835981853305
0.007114890799857676
0.00789772339630872
0.008058945403899998
0.007895349990576506
0.008041026396676898
0.008864162792451679
0.009821531001944096
0.008111724199261516
0.007567818800453097
0.00775814619846642
0.007930260396096855
0.008189110807143152
0.007039727200753987
0.007161509396973997
0.006851186591666192
0.0064662785967811946
0.007006142404861748
0.00734054499771446
0.007872697210405021
0.007975277199875563
0.006638282397761941
0.006847904599271715
0.007095165399368853
0.00726604739902541
0.007944410399068147
0.007853540196083485
0.007030219200532884
0.006907608197070658
0.007362215605098754
0.007509579800534993
0.006753760401625186
0.006820814800448716
0.007028766209259629
0.007526458206120879
0.0076197114074602725
0.006874059198889881
0.007046072196681052
0.007431463000830263
0.006962500000372529
0.007615375006571412
0.008052226598374545
0.008665923797525465
0.007200540404301137
0.00765111040091142
0.007759672997053713
0.008555883402004838
0.008143491402734071
0.007535681803710758
0.008621045004110784
0.00861171439755708
0.007983007794246077
0.00714266620343551
0.0071356564061716195
0.007589379197452217
0.007946451392490417
0.008024054393172265
0.00717705519637093
0.0070102596073411405
0.007389848597813398
0.008187286194879562
0.006901526194997132
0.007225686998572201
0.007609828608110547
0.00791160399094224
0.00801937560318038
0.007544348598457873
0.008222382795065642
0.00756365719716996
0.00836498780408874
0.006978163204621524
0.007612664392217994
0.007820380001794547
0.008124597603455186
0.0076010801945813
0.00752262599999085
0.006983006198424846
0.007825064391363412
0.007692983199376613
0.007639897405169904
0.007666116207838058
0.007702130195684731
0.007953148405067622
0.007905466796364636
0.007455084600951523
0.0071827356005087495
0.007514259207528085
0.007822661194950342
0.007606490806210786
0.00701890520285815
0.0073497171979397535
0.007173942204099148
0.0074424372054636475
0.00738251720322296
0.007599625398870558
0.008336202800273895
0.0074547354015521705
0.00875252679688856
0.008405196794774384
0.007503568602260202
0.0071303068078123035
0.006825289595872164
0.008049659407697618
0.007080461806617677
0.008439183793962001
0.007377711997833103
0.00706136099761352
0.007364975998643786
0.007006579195149243
0.007791753206402063
0.007896363001782447
0.008863139001186937
0.008230732602532953
0.007023021392524242
0.007288806594442576
0.007460995600558818
0.008132410992402583
0.0072823134018108245
0.007670503598637879
0.007758882001508027
0.00844850140856579
0.0081164255971089
0.008338010997977107
0.008892081794328988
0.00881059019593522
0.007050565199460834
0.007406199001707137
0.007873959001153707
0.00807398339966312
0.008135896793100983
0.007926472404506058
0.007643456803634763
0.008150304597802461
0.008466283604502679
0.008617902593687176
0.008694331196602434
0.00866306780371815
0.009325621800962835
0.009522424195893109
0.007308938994538039
0.007733270397875458
0.008267799008172006
0.008015784400049597
0.007041759591083973
0.007169539795722812
0.00803009239025414
0.007375658792443574
0.007746188202872872
0.008329191408120096
0.008976510004140436
0.0077325497986748815
0.007815681793726981
0.007921286800410599
0.008095853601116688
0.008453043003100902
0.00818877900019288
0.008096789207775146
0.008543029392603785
0.008540953998453915
0.008831952197942883
0.008382001996506006
0.00914954780600965
0.008413581794593483
0.007198663405142724
0.007276561995968223
0.007572652597445995
0.007217732595745474
0.007891238795127719
0.007510454393923283
0.007095942797604948
0.007228987396229058
0.0073886435944587
0.007940255000721663
0.007964902406092733
0.007909850997384638
0.007434969593305141
0.007156116596888751
0.00817384059773758
0.0074759705923497675
0.007384989992715418
0.0072797155939042565
0.00785149260191247
0.007656593399588019
0.007900277199223638
0.00787764780689031
0.008155937597621232
0.00853752859402448
0.007770012004766613
0.007294566591735929
0.0077129557961598035
0.007794498791918158
0.008063154399860651
0.006997797009535134
0.007593815808650106
0.007380322192329913
0.008162916998844593
0.008341673598624765
0.00831032539717853
0.008448323805350811
0.0083536303951405
0.008227030211128295
0.00819454580778256
0.007673044397961348
0.008444725000299514
0.007969106396194548
0.008992158994078635
0.007991416193544865
0.008244102995377034
0.007889899599831551
0.007601673400495201
0.007393871201202273
0.0076925504021346566
0.008039529400411994
0.008120376802980899
0.009672793804202228
0.009142417600378394
0.00716235920554027
0.007725935603957623
0.008295717800501734
0.00838667560601607
0.008221761602908374
0.007746758998837322
0.008688625798095017
0.008771210198756308
0.008077257999684662
0.008864750200882555
0.0074055018019862475
0.0088361817994155
0.007354351400863379
0.008439672598615288
0.0075941761955618855
0.007578237995039672
0.007968134596012533
0.007853283802978695
0.00797292219940573
0.0073808453977108005
0.00752195519162342
0.007938458397984505
0.008057771401945501
0.009061617194674909
0.007124493597075343
0.007696796802338213
0.0073253140086308125
0.007448038598522544
0.007928695192094892
0.00828464380465448
0.008270601998083294
0.008107960596680642
0.00847388079855591
0.008439004200045019
0.009104790992569178
0.0072305971989408135
0.007681383599992842
0.007195131806656718
0.0073567391955293715
0.00802307139383629
0.008180249796714634
0.007659988990053534
0.007882932398933918
0.007907637592870742
0.007957540603820234
0.008208895602729171
0.00826652180403471
0.007972411392256618
0.00748685939470306
0.007809705997351557
0.008270538004580885
0.008263434004038572
0.008455039991531521
0.0097344561945647
0.009632835607044398
0.0077045276062563065
0.008334903593640775
0.008052760001737625
0.008290366001892835
0.008008590806275607
0.0076409855973906815
0.007981435605324804
0.007948980398941785
0.0072944740066304805
0.007504368806257844
0.007848259597085416
0.008104514994192869
0.008234060998074711
0.009049590607173742
0.008976935606915504
0.009055271395482123
0.009512537205591799
0.009789616405032574
0.010547763993963599
0.00869604420149699
0.007048034004401416
0.007717511197552085
0.00744004420703277
0.008091001398861408
0.008115051209460943
0.008282868401147425
0.008951317600440234
0.007914203603286296
0.007620190596207976
0.00788059780607
0.00731258220039308
0.008864154201000929
0.008171415608376264
0.0074843610054813325
0.008053315605502575
0.00786682339385152
0.008341166796162725
0.008568622800521553
0.007408548204693943
0.007843172003049403
0.007897879800293595
0.008287012588698416
0.008503708604257554
0.008385897800326347
0.00734707519877702
0.0072394130052998665
0.008254490199033172
0.008274686196818948
0.007209274393972009
0.007716168195474893
0.0085463733994402
0.007941341598052532
0.00773021460045129
0.006439166190102696
0.008493057393934578
0.00797320440178737
0.007283850794192403
0.007969834003597498
0.00819741199957207
0.007532964798156172
0.007723792793694883
0.008594427804928273
0.008461095998063684
0.008349533996079118
0.00765361461089924
0.007969454396516085
0.0079216800048016
0.008200389205012471
0.007831695792265236
0.00826835900079459
0.007110618008300662
0.009906874399166554
0.007942292804364115
0.00858565279049799
0.007665133592672646
0.00817267260281369
0.00803639660589397
0.007611253601498902
0.007772811397444457
0.008082801604177802
0.008133082196582108
0.00800881820032373
0.007227215403690934
0.007746116595808416
0.007890398788731545
0.008134662406519055
0.007836865400895477
0.008414834004361183
0.0076223514042794704
0.00728832979220897
0.0076271706027910115
0.007531052199192345
0.008135943999513983
0.00840378439752385
0.006851006799843162
0.007802360202185809
0.00786139820702374
0.007828760205302387
0.0066602025995962325
0.0073464263929054145
0.0074546511983498934
0.0075140545959584415
0.007958594197407364
0.008151560206897557
0.0076290466007776555
0.008349052793346346
0.0073322378098964695
0.00845295439939946
0.00838243040489033
0.007978889404330402
0.007790703000500799
0.010423589602578432
0.008639255200978368
0.007941188605036587
0.007378857396543026
0.008252573595382274
0.007472511404193938
0.008080140396486968
0.007857815793249756
0.007609499199315905
0.007352753402665257
0.007857654395047575
0.008117341599427164
0.007634625397622585
0.007586281606927514
0.008089353190734982
0.00721117400098592
0.007792901806533336
0.007946271798573434
0.008116328599862754
0.007404357998166233
0.007173632597550749
0.007530490402132273
0.00825181360123679
0.0070989055908285085
0.007729183800984174
0.007185704004950821
0.0068025893997401
0.008481762802693993
0.007594646990764886
0.00736456619342789
0.007594648806843907
0.007538040203507989
0.007545739400666207
0.007904619199689478
0.007965017796959729
0.007797645404934883
0.007911835191771388
0.007937468797899782
0.008046152407769114
0.008234213606920093
0.008572145598009229
0.008844235399737953
0.008294911799021065
0.00791884339414537
0.008550378994550556
0.008915772207546978
0.008021865994669497
0.008375802799127996
0.007885747007094324
0.007742648606654257
0.0077954723965376616
0.007685591210611164
0.008131002797745169
0.007945574203040451
0.008180402196012437
0.007811150595080108
0.007826578803360462
0.0075013620080426335
0.008674219204112887
0.00823235660791397
0.008309898804873228
0.008841820002999157
0.007413521001581103
0.0074777525966055695
0.007602043601218611
0.008911214396357536
0.008447850996162742
0.009181172004900873
0.007505572005175054
0.008169452799484134
0.007257195399142801
0.008022566803265362
0.00714605120010674
0.007865356002002954
0.007169994607102126
0.00716073460644111
0.007748429791536182
0.00781747360015288
0.0075359154026955364
0.007216147996950894
0.008709044591523708
0.00882375380024314
0.007398507208563387
0.007846882997546345
0.007691562792751938
0.008130664809141309
0.007834092201665043
0.007519802206661552
0.007453857199288904
0.007607693993486464
0.00754096619784832
0.008057184191420675
0.007899603201076388
0.008010535407811404
0.007912717200815678
0.007949747797101735
0.008236829796805978
0.006887565401848405
0.00795446599368006
0.007936138799414039
0.007862759206909686
0.007900923199485987
0.007860194996464998
0.007634083600714802
0.007864463597070426
0.007468757207971066
0.007595300010871142
0.008323727792594581
0.008130422595422715
0.007982005400117486
0.008484019991010427
0.007747202401515096
0.007899889000691473
0.008143396396189929
0.008388074208050966
0.009488146600779146
0.009174006595276295
0.008266475598793477
0.008223544398788363
0.007955381402280182
0.007373673201072961
0.007817993394564838
0.007691575202625245
0.007604616391472518
0.00802812339970842
0.007974431593902409
0.007855910202488303
0.007885744993109256
0.00718399960314855
0.007503198995254934
0.007230837806127965
0.007278092205524445
0.007666004204656929
0.00772307759616524
0.00771576080005616
0.007729187805671245
0.007722399395424873
0.007710184808820486
0.007830765598919242
0.007854967599269003
0.007818730606231838
0.007860923791304231
0.007821708405390381
0.00781336979707703
0.007832651399075985
0.00789692479884252
0.00786604619352147
0.007990628795232624
0.00797694360371679
0.007042097405064851
0.007053975400049239
0.007322130003012716
0.007375929807312787
0.007848277792800219
0.0072667871951125566
0.007847994996700436
0.008595738804433494
0.008588882198091596
0.008562389598228037
0.007926677598152309
0.009439781005494297
0.009420959395356476
0.00865313559770584
0.008087469800375401
0.0074262983980588615
0.007363433798309416
0.007738963200245053
0.007696314190980047
0.007694540999364108
0.0076333781937137244
0.007179047609679401
0.008840717596467585
0.008899850398302078
0.007874511193949729
0.0074069455964490775
0.007837203191593289
0.007976894604507834
0.008030806400347501
0.0072532161953859035
0.0074210013961419465
0.0077213546028360724
0.008063615404535086
0.006965204398147762
0.007252457598224282
0.0073809240013360975
0.007978087197989226
0.00776698460103944
0.007665181800257414
0.007999101211316884
0.0080006081960164
0.0076571634039282795
0.007045457407366484
0.008511442993767559
0.0074633915908634664
0.007434316398575902
0.007720100006554276
0.007435682800132781
0.007444375404156744
0.0074010289972648025
0.007414432789664716
0.007801525597460568
0.008495898998808116
0.007710007391870022
0.007367520406842232
0.007392298604827374
0.008007915003690868
0.0072010567993856965
0.008823070803191512
0.007203774200752378
0.007415943802334369
0.007837505999486894
0.0076383994077332314
0.008003505994565785
0.00774011459434405
0.0072553907986730335
0.007828655000776053
0.007881661795545369
0.008338043605908752
0.007891830208245664
0.008046803006436676
0.008236740203574299
0.007389704405795783
0.00765989898936823
0.007785916200373322
0.007880407595075667
0.00818142939824611
0.007280735799577087
0.008138275402598084
0.007776666397694499
0.008054522995371372
0.0078370745992288
0.0078987275948748
0.008091637201141566
0.007945737603586167
0.0072155392030254
0.009248410200234503
0.007036172598600387
0.007398040010593831
0.008894734806381166
0.007279014005325735
0.007356813410297036
0.007272061996627599
0.007250757806468755
0.008171272999607026
0.007818779000081122
0.008244972396641969
0.007904433610383422
0.008009793201927096
0.007730479806195944
0.007980203395709396
0.007218418596312404
0.007768460607621819
0.007846388593316078
0.007789088401477784
0.007698023004923016
0.007733815396204591
0.007679356192238629
0.007698802801314741
0.008044469601009041
0.008238693804014475
0.00801310499664396
0.007891986193135381
0.007856503804214298
0.007468103198334575
0.008284953399561345
0.007377286395058036
0.007986425806302577
0.007868262799456715
0.008228018204681576
0.007676526997238397
0.007086104201152921
0.008298050798475742
0.00915755380410701
0.007904043199960142
0.007764166605193168
0.00760543419746682
0.007379941002000123
0.007686386001296341
0.007702816394157708
0.00775976600125432
0.007786836999002844
0.0079387650010176
0.007900469203013927
0.008855101000517607
0.007090554793830961
0.007480009004939348
0.007456165796611458
0.00824452640954405
0.007681716803926974
0.008012334792874753
0.008666615793481469
0.0068411428015679124
0.008280540409032255
0.00831610660534352
0.007670069404412061
0.007708991598337889
0.0074655139935202895
0.007675040001049638
0.008120725397020578
0.007574835000559688
0.007859176199417561
0.007845150004141033
0.008187946607358753
0.007439349999185651
0.007433837803546339
0.007970682391896845
0.007390561595093459
0.007427295600064099
0.007910585799254476
0.007451523398049176
0.008236994396429508
0.00724989480804652
0.007607567403465509
0.007635378395207226
0.007588036602828652
0.007762368395924568
0.007420800602994859
0.00867255280027166
0.007073093601502478
0.008198590797837824
0.0072996858041733505
0.00811431820038706
0.007907642400823534
0.008685568196233362
0.008234737394377589
0.0071142000029794875
0.007839749206323177
0.007264390599448234
0.008167627197690309
0.007884751993697137
0.007759482401888817
0.007975922396872193
0.007957877998705953
0.007530675607267767
0.0074043974047526715
0.007583173201419413
0.007504581194370985
0.007302146207075566
0.007616002194117755
0.007620330597274005
0.008056490600574761
0.007894371205475181
0.008276005205698312
0.008367384399753064
0.0083001279970631
0.008040646801237016
0.007873821596149355
0.0077313152025453745
0.006946563406381756
0.007917612395249306
0.0074028319912031295
0.0075523943989537655
0.007825388200581073
0.00765846399590373
0.007504808600060642
0.00753244599327445
0.008106118801515549
0.010299107595346867
0.007546734006609768
0.00756158420117572
0.0071431883960030975
0.00719244220526889
0.008328886004164815
0.008450969192199408
0.008267337002325802
0.007256433798465878
0.00758335660211742
0.0073399417917244135
0.008445260999724268
0.007564458809792995
0.007827323395758867
0.0077885293983854355
0.007906602404545993
0.008189221995417028
0.007357997202780098
0.0074850736069493
0.008022995595820249
0.01092482719104737
0.008963880001101644
0.008562558807898312
0.007897457992658018
0.007519783999305219
0.0076439954107627274
0.007925962400622665
0.008007227606140078
0.008219917002134026
0.007225484203081578
0.008100649795960636
0.00775943580083549
