average_runtime 0.00295381342571133
0.00299424979602918
0.0029169446090236304
0.002914389397483319
0.002974963397718966
0.002962905401363969
0.00296189560322091
0.0029331265948712828
0.002948917599860579
0.002936417004093528
0.002913044602610171
0.0028917543939314784
0.0029316578060388566
0.002937740401830524
0.0029545141966082155
0.0029540337971411647
0.002932831004727632
0.0029357054037973283
0.002949141396675259
0.002944472595117986
0.0029155989992432295
0.0029535665991716085
0.003016429394483566
0.002933928999118507
0.002975529199466109
0.0029588848003186284
0.0029621927998960016
0.00287131080403924
0.0029276479966938497
0.0028792424011044203
0.0029321686015464365
0.0029615617939271035
0.002919793000910431
0.0030367920058779418
0.0029860852053388955
0.0028895415947772563
0.0029812528053298594
0.0029665470006875693
0.002970944799017161
0.0029515007976442576
0.002960559201892465
0.002894373598974198
0.002989982394501567
0.0030139214009977876
0.0030147579964250326
0.003018130990676582
0.0030268484028056265
0.0030062686069868504
0.002934871206525713
0.0029581955983303486
0.0029666153946891426
0.0028621379984542727
0.002929761202540249
0.002931176405400038
0.002959719591308385
0.00289336359128356
0.0029967986047267914
0.002830915991216898
0.00293339139316231
0.0029787720064632594
0.0030355155933648346
0.002975958201568574
0.002377768000587821
0.0029795915936119853
0.0029860888025723398
0.002965848403982818
0.002900329208932817
0.002986264997161925
0.0029126301989890633
0.002870162599720061
0.0029498141957446933
0.0029232627945020794
0.0030277817975729706
0.0029704882064834235
0.002973446203395724
0.0029177292017266154
0.00287391560850665
0.0029789162101224063
0.0029743060003966093
0.002894940401893109
0.002954549400601536
0.0029604607960209252
0.002943009603768587
0.0029702726053074
0.0029389305971562864
0.0028717117966152728
0.0028307408094406126
0.0028731825994327666
0.0029414886026643216
0.002949315996374935
0.0029062758083455266
0.0029861201997846364
0.002983191201929003
0.0028788836090825496
0.0029897078056819737
0.0028772781952284276
0.002901076595298946
0.0029389803996309636
0.002878881397191435
0.002960666606668383
0.003048407204914838
0.0028811524040065705
0.002951064601074904
0.0029333025915548204
0.0029012002050876617
0.0029456963995471595
0.0033020423958078026
0.0029332667938433586
0.002977811801247299
0.0028964107972569765
0.0029768022010102867
0.0029765263898298144
0.002900851401500404
0.002943064388819039
0.0030057913972996175
0.002957750391215086
0.002944777999073267
0.002892393199726939
0.002964441408403218
0.0029206546023488045
0.0030020438018254934
0.0029716200078837574
0.0029878983972594143
0.002876968204509467
0.0029359675943851473
0.0029459211975336073
0.0029706293949857353
0.003019085805863142
0.0028482045978307723
0.002976767800282687
0.0028827653964981436
0.002914237999357283
0.002900935593061149
0.00292242260184139
0.0029828373924829068
0.002933266607578844
0.0029934216057881714
0.0029807398095726967
0.002932400000281632
0.0029276710003614424
0.002919882407877594
0.0028649240033701063
0.0030277893994934855
0.002960180991794914
0.0028955932008102535
0.0029617153923027217
0.002959868998732418
0.0029314258019439874
0.0030240071937441826
0.0029350390075705947
0.0029318787972442808
0.0029603887931443753
0.002950079389847815
0.00289986920543015
0.002994625398423523
0.002957419806625694
0.002943166601471603
0.0030030607944354416
0.002929126797243953
0.003036486799828708
0.0029795052018016578
0.0030012376024387776
0.0030543311964720487
0.003100233001168817
0.0030242854030802847
0.0030659120064228775
0.0029717396013438702
0.0029663378023542463
0.0029268414014950394
0.002979163802228868
0.0030333745991811155
0.002941712399479002
0.0029936975915916264
0.002932095807045698
0.00296116640092805
0.0029168125940486787
0.002955185400787741
0.002840938197914511
0.00295921420911327
0.002983918006066233
0.0029303902061656117
0.0029677922022528945
0.0029284307966008782
0.00286737319547683
0.0030384041951037944
0.0030339966062456368
0.002885697199963033
0.002970946196001023
0.002930822595953941
0.002921164396684617
0.002956150600221008
0.0030081673990935086
0.0030141751980409027
0.0029924037982709704
0.002910408191382885
0.0029321731999516487
0.0023698637960478663
0.0028893181937746704
0.002979376399889588
0.0029902684036642313
0.00295458419714123
0.0029148558038286864
0.0029427728033624588
0.002851098810788244
0.002960686606820673
0.002941811992786825
0.00296387339476496
0.0029229160048998893
0.0029524107929319145
0.002881344791967422
0.00295404780190438
0.0029672484030015766
0.0029814057983458043
0.0030050779925659297
0.0029477374046109617
0.002971739193890244
0.0029678769991733135
0.002880311605986208
0.0028886996093206107
0.002989500807598233
0.0029794474015943707
0.0029778148047626017
0.0030697950045578183
0.003022327600046992
0.002944029401987791
0.0029388821916654707
0.0029823048040270804
0.003016111592296511
0.0029674873920157554
0.0029514604015275837
0.0029253039974719286
0.0029359059990383685
0.002945287199690938
0.0030040718032978476
0.002946263598278165
0.002912720001768321
0.002904954005498439
0.002936165197752416
0.002987648197449744
0.0029676435980945824
0.003004747594241053
0.002837697195354849
0.003000546188559383
0.002966959401965141
0.0029665342066437007
0.002968438994139433
0.0029413801967166364
0.003005006001330912
0.003018587606493384
0.002988228399772197
0.002882249199319631
0.0029288813937455417
0.002971589390654117
0.0029553072061389686
0.002948332403320819
0.0029588803998194637
0.0029823394026607273
0.0029714904027059673
0.002925760601647198
0.002990299207158387
0.002954083203803748
0.0028942829929292204
0.002953937998972833
0.0029590046033263206
0.002986393007449806
0.0029586868011392655
0.0028621937963180244
0.0029610299970954657
0.0029767630039714277
0.0029592025908641516
0.0029529873980209233
0.0029351828037761153
0.002946392190642655
0.002909574203658849
0.002979152591433376
0.0028897191979922352
0.0030122956028208136
0.0029840242001228034
0.0029213353991508484
0.002909591991920024
0.0029774405993521214
0.0029423831962049007
0.002845731610432267
0.0029787719948217274
0.0028785923961549996
0.0028693282045423986
0.0029298634035512805
0.0023572611971758306
0.002935899398289621
0.002935272001195699
0.0029089994030073287
0.0029198902077041565
0.0029242421966046094
0.0029292000108398497
0.0029461913974955676
0.0030175915919244288
0.0029458922101184724
0.0029455865966156124
0.0029517218004912137
0.002919396199285984
0.0029589480021968485
0.002993608999531716
0.0029404805973172188
0.0029003937961533666
0.0029523313976824285
0.0029589680023491384
0.0029429164016619323
0.0029710555914789437
0.00293792060110718
0.002973663993179798
0.0029534102068282664
0.002932880399748683
0.0030091030057519674
0.0029412677977234125
0.002888128603808582
0.0029284311924129723
0.0029924063943326472
0.002870012598577887
0.0029560907976701857
0.002970051998272538
0.0028734065941534936
0.0029511663946323098
0.0028670610045082867
0.0029326891992241142
0.0029704230022616685
0.002889109402894974
0.0029520359938032927
0.002966037392616272
0.002938388800248504
0.002943449199665338
0.0028963800054043532
0.0028472610050812364
0.002978715195786208
0.002897998201660812
0.0029809388099238275
0.00295450339326635
0.002957669203169644
0.002942761592566967
0.0029395917896181344
0.002841700206045061
0.002944199799094349
0.0029384577996097506
0.0029227244085632265
0.0029853343963623046
0.0029255628003738822
0.0029963333974592386
0.0029356801998801528
0.0030440622009336948
0.00297297959914431
0.0029984678025357426
0.002936568995937705
0.002927736600395292
0.0028859602054581044
0.002949845197144896
0.0028235989972017705
0.0028555155964568256
0.0029342268011532725
0.0029817432048730554
0.0029424116015434264
0.0029368937946856024
0.0029753459966741502
0.0029703121981583536
0.002967755205463618
0.002973416598979384
0.002860413794405758
0.002866559801623225
0.002985366398934275
0.002926500199828297
0.00288573739817366
0.0029550665989518166
0.0030064017977565528
0.002950818999670446
0.002883556205779314
0.0029770208057016134
0.0029269670019857587
0.0029442502069287
0.0029320196015760304
0.0029946348047815265
0.0028704489930532874
0.002963001001626253
0.0029707071953453124
0.0029725307947956027
0.0029322691960260274
0.0029540756018832325
0.0030622877995483576
0.0029721567989327013
0.0028860999969765543
0.0029871642007492484
0.0029885262018069627
0.0029793877969495953
0.002957184799015522
0.002976521605160087
0.002986857993528247
0.0029551905929110943
0.002908147010020912
0.0030360608012415468
0.0029272745945490898
0.002937452390324324
0.0030198890017345548
0.0029269146034494042
0.0029378246050328015
0.002972763602156192
0.002970415796153247
0.0029761120094917715
0.0029833133914507924
0.002946014597546309
0.00298980800434947
0.0030093857902102174
0.0030529677984304725
0.002860965393483639
0.003016664192546159
0.002909274201374501
0.0029185071936808525
0.0029091183911077677
0.003034858196042478
0.0030474254046566783
0.00288169119739905
0.002970463607925922
0.0029328205971978607
0.002938672399614006
0.0029514777939766645
0.002937091002240777
0.0034674466005526483
0.0030632589943706988
0.0029283389914780853
0.0029359044041484595
0.0029273256077431142
0.0029134843964129685
0.0029479076038114727
0.0029670298099517822
0.002930805797223002
0.003052731405477971
0.003041884396225214
0.0029907869989983737
0.0031993241980671884
0.002956695400644094
0.0030052375979721544
0.0029842662042938173
0.002966292400378734
0.0029127412009984253
0.0029165799962356685
0.0029435681994073094
0.002986759797204286
0.0028952741995453835
0.002987074200063944
0.002986107207834721
0.002862243598792702
0.0029168879962526264
0.0029046418028883638
0.0029546204023063183
0.0029555524000898004
0.0029336762032471596
0.0029140335973352194
0.002932254795450717
0.002844775200355798
0.002925845992285758
0.0028728154022246597
0.0029456050018779934
0.0029250747989863156
0.003010058798827231
0.003049070795532316
0.0029107379959896207
0.0029410919989459215
0.0029640029999427496
0.0029380716034211217
0.002958811994176358
0.0029582584043964743
0.0028895220020785928
0.00298651319462806
0.003027671203017235
0.002960382995661348
0.0029541488038375974
0.002898668393027037
0.0028771420009434225
0.0028683545999228953
0.002915533201303333
0.002968671394046396
0.002959949802607298
0.002914490399416536
0.0029202861944213508
0.0030011852039024236
0.00294440999859944
0.0029137745965272187
0.0029959929990582166
0.0029523196048103274
0.0029499542084522544
0.0029666193993762137
0.0033570008003152908
0.0028713437961414455
0.002855518995784223
0.00298382859909907
0.002960567595437169
0.0030032308073714375
0.0029947381932288407
0.0029110476025380194
0.002958732598926872
0.0030527311959303916
0.0029877139953896404
0.00298645879374817
0.002928443404380232
0.0029616115964017807
0.0029719059937633576
0.002943126403260976
0.0029597660060971974
0.002964617602992803
0.0029249503975734116
0.00293403840623796
0.0028973734006285667
0.0029593447921797632
0.003013601806014776
0.0029644847963936627
0.002924379997421056
0.002952695603016764
0.0030462398077361285
0.0030192137928679585
0.0030054250033572315
0.0030070735956542194
0.003014985402114689
0.002958707802463323
0.002949003002140671
0.0029320902074687185
0.0029176656040363013
0.0029467392014339566
0.0029744246043264867
0.0029200686025433243
0.0029289512080140413
0.0030440757982432842
0.0028379778028465807
0.0030160948052071037
0.0030317745986394584
0.002871983393561095
0.002905242599081248
0.002957644988782704
0.002939403394702822
0.002948681404814124
0.002876366209238768
0.0029437939985655246
0.0029651132063008845
0.002974188595544547
0.0029317736043594778
0.0029586079996079206
0.0029562363983131946
0.0029847903992049397
0.002973124000709504
0.0029843027936294676
0.003051678999327123
0.0029745690058916806
0.0029277981957420707
0.002918837999459356
0.0028973932028748097
0.0028862299979664384
0.002922663406934589
0.0029385678004473447
0.002952936792280525
0.0029755017952993513
0.002962449798360467
0.002896623802371323
0.0028878801967948675
0.002970005397219211
0.002915292792022228
0.0029927367926575244
0.0029801473952829837
0.0029210108099505306
0.0030029405956156553
0.0029533905908465385
0.0029495688038878145
0.0029255224042572083
0.0029509976040571926
0.0029813616070896386
0.0028793018078431486
0.0029565434087999165
0.002955225796904415
0.0029437512042932213
0.0029208870022557677
0.002954683604184538
0.002930352999828756
0.0029916504048742355
0.003045409999322146
0.002983348409179598
0.0029614351922646167
0.0029463483951985836
0.0029436407960020004
0.0029679711908102034
0.003008820000104606
0.0029419429949484764
0.003019495401531458
0.0030547472066245972
0.0030126878060400485
0.0029854465974494815
0.00301294099772349
0.003008618589956313
0.003052189201116562
0.0029966678004711865
0.0030381359974853694
0.003005275991745293
0.002942785399500281
0.003075918392278254
0.003050994605291635
0.003273624205030501
0.003032800601795316
0.002928516606334597
0.0029473618022166194
0.0029751035966910423
0.0029837385984137653
0.002947121998295188
0.0030219831969588995
0.0029920689994469285
0.0030425370088778434
0.002847668598406017
0.002970142802223563
0.003005715599283576
0.003062679397407919
0.002967772400006652
0.002963106008246541
0.002947726799175143
0.0030548299895599485
0.002980873198248446
0.0029889357974752784
0.0029665500042028725
0.0030122910044156014
0.0029390348005108534
0.00300948319490999
0.0029034792096354067
0.002894092397764325
0.0029994342010468246
0.00293532699579373
0.0029898444074206052
0.002909886999987066
0.002952837001066655
0.0029189871973358096
0.0029611838050186633
0.0029021343914791943
0.0029801581986248493
0.0030176569940522312
0.0029885423951782285
0.003297964809462428
0.0029425663989968596
0.003025669208727777
0.003096315008588135
0.002938623807858676
0.0029554969980381427
0.0029676428064703943
0.0029442286002449693
