average_runtime 0.002249986605448184
0.0022322689997963606
0.0022110510035417974
0.0022003983962349595
0.002201067400164902
0.0022186109912581743
0.002201928396243602
0.002196674805600196
0.002209170791320503
0.002194033609703183
0.0022161245928145946
0.002195674390532076
0.002211013191845268
0.0021997218020260332
0.0021987408050335943
0.002194305800367147
0.0022034195950254797
0.0021948260022327305
0.002190098201390356
0.002188792801462114
0.0025649981922470032
0.0021888340008445082
0.0022425377974286675
0.0021926757995970546
0.0021859709988348184
0.002188661403488368
0.0021939203958027064
0.0022322632023133336
0.002259568590670824
0.0022317247930914164
0.002237105404492468
0.002223402401432395
0.0022345670033246277
0.002310599200427532
0.002258660993538797
0.0022520608035847545
0.002241091593168676
0.0022464264067821203
0.002237620810046792
0.002598616399336606
0.0022379794041626155
0.0022322023985907437
0.0022285718005150557
0.0022281175944954155
0.0022333849919959903
0.00222779760370031
0.002242480404675007
0.002235442993696779
0.0022261264035478233
0.002243141201324761
0.002232958993408829
0.0022299261996522545
0.002236664795782417
0.0022306551923975348
0.002238317998126149
0.002248911396600306
0.0022296319948509336
0.0022350004059262575
0.0025982331950217485
0.00224884640192613
0.002244080195669085
0.0022621410083957017
0.0020228606066666544
0.0022103677969425918
0.002215129998512566
0.0022131313919089733
0.0022177209961228074
0.0022037165937945245
0.0022046800004318357
0.002208837599027902
0.002205241797491908
0.0021954878000542523
0.0022486672038212418
0.002208412194158882
0.0022103574010543525
0.00219738440355286
0.0021904341992922127
0.002870357199572027
0.0021942722029052674
0.002209620992653072
0.002199343801476061
0.0021953588002361357
0.002200324600562453
0.0021890412084758283
0.0021924792090430856
0.002206232200842351
0.002188957401085645
0.0022083821939304473
0.002206839993596077
0.002209654008038342
0.002193499996792525
0.002243470202665776
0.002196054393425584
0.0021961938007734718
0.0021914258017204703
0.002201247599441558
0.0021979680052027105
0.0022008497966453434
0.0022014052025042473
0.00221042160410434
0.002243783208541572
0.0021938711986877026
0.0022033053915947675
0.0022058017901144924
0.0021908810012973845
0.002196363196708262
0.0022020346019417047
0.0021913958014920356
0.0021828323951922357
0.0022009813925251364
0.0021996043971739708
0.002203197800554335
0.0022022722056135534
0.0022010268061421812
0.0021930314018391074
0.0021972473943606017
0.002204677392728627
0.002203308406751603
0.002195046399720013
0.002200198802165687
0.0022452135919593273
0.0027000493952073156
0.0021964860032312574
0.0021889353985898195
0.002195782191120088
0.0021901482017710806
0.0021976704010739923
0.0021948448033072055
0.002188457199372351
0.0022057787980884315
0.0022038636030629276
0.0022056777961552143
0.0022098827990703284
0.0022075991961173712
0.0021875616046600046
0.0022049202001653613
0.0022013942012563347
0.0022052278043702246
0.0022111442056484522
0.002212995197623968
0.0021932248026132585
0.0021896174061112107
0.0022555346018634736
0.0022035471978597344
0.0022081960109062494
0.002197786804754287
0.002207478601485491
0.0021932885982096197
0.002199321403168142
0.002202134800609201
0.002203403599560261
0.0022020790027454497
0.0021920813946053387
0.0022080197930336
0.002197254996281117
0.002195515006314963
0.0022046352038159966
0.0021914456039667128
0.0022038289927877484
0.0022019247990101576
0.0021934272022917866
0.0021891247946769
0.002197718608658761
0.0022482698084786536
0.0022012497996911407
0.002197176602203399
0.002203421399462968
0.002191946003586054
0.0022008066065609456
0.0022092909901402892
0.0022455165977589785
0.0021923338063061237
0.002196235198061913
0.0021943271975032987
0.0025973735959269107
0.002237426396459341
0.0022371445898897945
0.002222366607747972
0.0022316655959002674
0.0022249986068345606
0.0022355941939167677
0.0022321533993817865
0.0022245857981033623
0.002231905597727746
0.0022783617954701186
0.0022796133998781443
0.0022373970015905796
0.0022299283999018373
0.002248937601689249
0.0022329088067635896
0.0022288545966148376
0.0022762931999750434
0.0022752615972422064
0.002274952596053481
0.002228507993277162
0.0022272094036452474
0.0020310554071329536
0.002235335600562394
0.0022278819931671025
0.002234750206116587
0.002903437800705433
0.0022309500025585296
0.0022399891982786357
0.002225451392587274
0.002233746799174696
0.0022396196029148994
0.002230745810084045
0.0022226514061912893
0.00222290939418599
0.002228892594575882
0.002231813990511
0.002230463596060872
0.002235261199530214
0.0022244191961362956
0.0022303993930108843
0.002239733003079891
0.002236423804424703
0.0022458032006397845
0.0022371702012605964
0.0022242986015044153
0.002227787603624165
0.0022288850042968987
0.002236175409052521
0.0022844256018288434
0.0022339856019243597
0.002233506995253265
0.0022279834025539457
0.0022738064057193697
0.002231109992135316
0.00224153840681538
0.0022373823914676903
0.0022278356016613545
0.002244827407412231
0.002232945791911334
0.0022364475997164847
0.002219279995188117
0.0022138214088045062
0.002211276802700013
0.0022343965945765378
0.0022330287960357965
0.0022357150097377597
0.0022377702058292924
0.002249802404548973
0.0022486319998279215
0.0022235081996768713
0.002218719606753439
0.0022120509995147584
0.0022630322026088836
0.0022871664026752115
0.0022364507894963026
0.0022488150047138334
0.0022430473938584326
0.0022367086028680207
0.0022403408074751496
0.0022423298098146914
0.00224144640378654
0.002234782197047025
0.0022350667975842954
0.0022415679995901883
0.002671841799747199
0.0022455784026533367
0.0022373861982487144
0.0022401918075047435
0.002246682997792959
0.0022341347998008133
0.00224087560782209
0.00223296059994027
0.0022369539947248995
0.002236506005283445
0.0022276759962551297
0.002244171197526157
0.002234283392317593
0.0022379723959602416
0.002233918395359069
0.002242174604907632
0.0022308435989543797
0.0022976008011028172
0.0022456097998656333
0.0022461269982159138
0.002239500591531396
0.002246150199789554
0.002231845399364829
0.0022329783998429774
0.00224425180349499
0.002233611000701785
0.0026017689961008728
0.002231721195857972
0.0020533938077278435
0.002253384795039892
0.0022413706057704983
0.0022423518006689847
0.0022335579968057575
0.0022339391987770798
0.002226698608137667
0.0022207072004675867
0.002274647995363921
0.00223310039145872
0.0022298711934126913
0.0022263500024564562
0.0022257907898165286
0.002223463007248938
0.002223203401081264
0.0022293342044577003
0.0022255853982642293
0.0022351206047460438
0.002229756396263838
0.0022229088004678487
0.002224145794752985
0.002225671603810042
0.002218841796275228
0.0022194129996933043
0.0025842873961664735
0.002269080001860857
0.002214506990276277
0.002224983193445951
0.0022203311906196176
0.0022255843970924614
0.002232380409259349
0.0022309459978714584
0.0022255875985138117
0.0022290070075541733
0.0022382437950000168
0.002235924394335598
0.0022228189976885916
0.002229525602888316
0.0022303657955490054
0.0022224294021725654
0.0022265217965468766
0.002218966791406274
0.0022356422035954894
0.0022369903977960347
0.0022135367966257037
0.0022259840043261647
0.0022239371901378036
0.0022224435932002963
0.002223214996047318
0.0022230757982470094
0.002219784597400576
0.0022173249977640807
0.002214313391596079
0.0022416457999497653
0.002226825396064669
0.002237796795088798
0.0024281722027808426
0.0022517060046084226
0.0022915905923582614
0.0022414213977754115
0.002251471602357924
0.0022387958015315235
0.002244046004489064
0.0022357276058755813
0.0022446754039265214
0.0022442916058935227
0.0022394057945348323
0.0022211682051420214
0.0022260978003032506
0.0022411682060919703
0.0022443820023909213
0.0022310746018774806
0.002234180399682373
0.0022361789946444333
0.0022387364064343275
0.002242450998164713
0.0022404879913665355
0.002224063198082149
0.0022420404013246296
0.0022260645986534656
0.002228761406149715
0.0022374029969796537
0.002216633001808077
0.0022313000052236022
0.002243287197779864
0.0022430696059018373
0.0022424081922508775
0.002238296600989997
0.0022368500009179114
0.0022342458018101753
0.0022347443969920277
0.002240106603130698
0.0022605150006711483
0.002238147798925638
0.0022396974032744764
0.002231675398070365
0.0022360107977874577
0.002240008395165205
0.002243237406946719
0.0022298598079942165
0.0022293920046649873
0.002234715397935361
0.002265444409567863
0.002255077799782157
0.002244839002378285
0.0022547643980942666
0.002249370003119111
0.00225701640592888
0.0023026034003123643
0.002251180005259812
0.0022427938063628973
0.0022937266039662063
0.0022427654010243716
0.002242538402788341
0.002244197006803006
0.0026190110016614198
0.0022482037893496454
0.002248080598656088
0.002250197995454073
0.0022437985986471175
0.002291368192527443
0.002293451805599034
0.002925704198423773
0.0022885028040036557
0.002242303197272122
0.0022481029969640075
0.0022450509946793317
0.0022938259993679822
0.0022881821962073444
0.002238584402948618
0.0022444444010034205
0.002906895591877401
0.002245392603799701
0.002248500194400549
0.002243448398075998
0.002230166201479733
0.0022904808050952853
0.002246067998930812
0.0022522609913721682
0.0022454958059825005
0.002275176998227835
0.0022448132047429683
0.0027551678009331225
0.0022359285969287155
0.0022427962045185267
0.0022983770002610983
0.0022403273964300753
0.0022435370017774405
0.002257149002980441
0.002255808806512505
0.0022516106022521854
0.002670077607035637
0.0022549699991941453
0.0022435590042732658
0.002249213994946331
0.0022470853989943864
0.002271461405325681
0.0022529652109369636
0.002265185199212283
0.002251328807324171
0.0026103367912583054
0.0022568057989701628
0.0022577136056497692
0.0022527249995619057
0.0022515182034112515
0.002264411002397537
0.0022440625936724244
0.0022393016028217972
0.00224652539473027
0.0029048164025880395
0.0022457055980339645
0.002259693609084934
0.0023002629983238875
0.002303837798535824
0.002253792597912252
0.002245349797885865
0.0022392200073227285
0.0022541155922226608
0.0022427018033340574
0.0022427243995480238
0.002247486007399857
0.002244682994205505
0.0022619705996476114
0.00225251039955765
0.0022472367971204223
0.002250868198461831
0.0022523409919813276
0.0022515753982588647
0.002261557395104319
0.002252960798796266
0.0022411728044971825
0.0022517843986861407
0.0022359727998264136
0.0022923378041014076
0.0026348155923187734
0.002246742194984108
0.002244635997340083
0.002251041599083692
0.0022443650057539346
0.0022453905898146332
0.0022970678051933645
0.002253775193821639
0.0022573604015633463
0.0026571711990982295
0.0022540092002600433
0.002255300199612975
0.0022460148087702692
0.002239484793972224
0.002248905203305185
0.002292563393712044
0.0022531295893713833
0.0022467311937361956
0.002615142008289695
0.0022623774013482032
0.0022463519941084086
0.002250866801477969
0.0022470819996669887
0.002245226001832634
0.0022658467991277576
0.0022463293978944423
0.0022519111982546745
0.0026029802043922245
0.002301659993827343
0.00224825800396502
0.002252759994007647
0.0022448180010542274
0.002249222598038614
0.0023015137994661927
0.0022484051994979383
0.0022502140025608243
0.002922974596731365
0.0022481182008050383
0.002250450395513326
0.00225469300057739
0.0022539336001500486
0.0022597132017835976
0.002239240997005254
0.0022404026007279755
0.0022517047938890753
0.002286143007222563
0.002237266197334975
0.002299247006885707
0.0022485974011942746
0.0022494383971206843
0.0022556483978405594
0.002244848199188709
0.002236788801383227
0.002238729002419859
0.0022354219923727213
0.002240735397208482
0.002243339002598077
0.002247247996274382
0.002235691191162914
0.002244713203981519
0.0022467699949629606
0.0022417849977500737
0.0022409378085285424
0.0022518211975693704
0.002296475798357278
0.0022432722034864128
0.002254770800936967
0.002262101008091122
0.0022498385980725287
0.00225501439999789
0.002241298195440322
0.0022419726010411978
0.0022259028046391904
0.0022425898001529276
0.002239560801535845
0.002242044790182263
0.0029026917996816336
0.0022072024061344565
0.0022116536041721702
0.002206012001261115
0.0022100907983258365
0.0022114812047220765
0.0022027559927664695
0.0022043799981474876
0.002213446795940399
0.002213771198876202
0.0022088108002208174
0.0022083366056904197
0.0022049913997761903
0.0022114998078905045
0.0022087502060458065
0.002207916998304427
0.0022058677976019682
0.002205091796349734
0.002224829199258238
0.002210233802907169
0.0022518009995110334
0.0022054599947296085
0.0022050217958167195
0.002216097409836948
0.002214620599988848
0.002203389198984951
0.002203234599437565
0.0022169644013047217
0.0022029991960152984
0.002204285003244877
0.002219168795272708
0.00220621699700132
0.002201270998921245
0.002204671804793179
0.0022080953931435943
0.0022100817994214596
0.002213708800263703
0.0022000201977789404
0.002216357400175184
0.002613240003120154
0.00219857000047341
0.0022110486053861676
0.0022034869994968175
0.002208889403846115
0.002212589792907238
0.002203323401045054
0.002201147808227688
0.002214176603592932
0.002203590201679617
0.0022035558009520172
0.0021983932005241514
0.002548428194131702
0.002196623000781983
0.00225582200801
0.0022032114095054565
0.002212856605183333
0.002201977593358606
0.0021998700103722513
0.0022527224035002293
0.002200791204813868
0.0022101082024164496
0.0021992485970258715
0.002208703604992479
0.0028818318038247525
0.002197394205722958
0.00220357560319826
0.00220892719225958
0.0022051834035664796
0.002201550197787583
0.0022035027970559893
0.002216597995720804
0.0022036270005628467
0.002199307200498879
0.0022108091972768305
0.0022075245971791444
0.0021982909995131193
0.0022078791982494293
0.0022079659975133836
0.002207950397860259
0.002935304190032184
0.002256900002248585
0.002205144998151809
0.0021938433987088502
0.0022094535990618168
0.0022011383902281524
0.0021938103949651123
