average_runtime 0.0035682121985941197
0.003669120999984443
0.0036347585963085296
0.0036436183960177003
0.003624327201396227
0.0036068034009076656
0.003601618006359786
0.0036149695981293915
0.0036048184032551945
0.0036355847958475353
0.0036374633898958566
0.0036038494086824357
0.0036155172041617335
0.003636555199045688
0.0035785377956926824
0.003562971402425319
0.003550741798244417
0.003586460405495018
0.003594968596007675
0.0036157888011075557
0.003591985406819731
0.0035916240070946515
0.003584214800503105
0.0035938699962571262
0.003586271998938173
0.00360075420467183
0.0036054733907803895
0.0036042531952261924
0.003600164595991373
0.0036158118047751485
0.003580351604614407
0.0035812037996947764
0.003591774997767061
0.003603313199710101
0.003592206398025155
0.003579313203226775
0.0035908694029785694
0.0035834025940857826
0.0035805620020255445
0.003588496008887887
0.003590957401320338
0.003592603199649602
0.003597139392513782
0.003609507600776851
0.0036113473935984073
0.003594854602124542
0.00358007320901379
0.0036255587940104304
0.0035990731907077135
0.0036083998042158783
0.003592767601367086
0.0036096749943681063
0.003578378807287663
0.0035847404040396215
0.003580691397655755
0.003578421997372061
0.0035825666040182115
0.0035840280004777016
0.0035663721966557203
0.003577566402964294
0.0035724437911994755
0.003587076801341027
0.0035741714062169196
0.003581395000219345
0.003577124001458287
0.0035840610042214395
0.0035765890032052996
0.003586994996294379
0.003577069798484445
0.003580364806111902
0.0035819254000671206
0.0036020215949974952
0.0035731852054595946
0.0035813226015307007
0.0035968694020994006
0.0035803123959340156
0.003592827601823956
0.0035916515975259245
0.0035938563989475368
0.0035897663910873234
0.003571528010070324
0.0035844782018102706
0.003580199205316603
0.003581084206234664
0.003589266794733703
0.0035850112093612553
0.003587300202343613
0.003587121202144772
0.0035972730023786426
0.0035974589991383255
0.0035817187977954744
0.003571273002307862
0.003568822599481791
0.0035908094025216995
0.0035718015977181496
0.003570544405374676
0.0035762208048254252
0.0035868800012394788
0.003599829599261284
0.0035846309969201685
0.0035678353975526988
0.003590955398976803
0.0035739884013310077
0.0035847774008288978
0.003585928806569427
0.0036004508030600844
0.003587622591294348
0.0035737346042878926
0.003596039197873324
0.0035965558025054635
0.003579707199241966
0.0035874090041033923
0.0035814548027701676
0.003604905400425196
0.0035883756005205213
0.003538958402350545
0.003526651195716113
0.0035373118007555604
0.003515357803553343
0.0035163905937224626
0.003521100396756083
0.0035126129980199037
0.0035450531984679403
0.003520068002399057
0.0035214256029576065
0.0035145945963449775
0.0035092006088234483
0.0035142751992680134
0.003527313005179167
0.003531602199655026
0.003521423798520118
0.003531314409337938
0.0035272793960757554
0.003525306598749012
0.0035137491999194027
0.003547750401776284
0.0035415932070463896
0.0035189335932955144
0.0035429188050329686
0.003540095197968185
0.0035425969981588423
0.0035444811917841436
0.0035394278005696834
0.0035436286008916794
0.0035363676026463507
0.0035435596015304326
0.003533582005184144
0.0035476914024911823
0.003530361002776772
0.0035461471998132765
0.003519654204137623
0.003552011400461197
0.003537866403348744
0.003530934196896851
0.0035273146000690757
0.0035384861985221505
0.003541763999965042
0.0035457791993394492
0.003523723792750388
0.0035414808080531657
0.0035429966053925456
0.0035376988002099098
0.0035426259972155096
0.003538251598365605
0.0035299446084536613
0.003520409599877894
0.0035086528048850598
0.0035321620060130956
0.003539917804300785
0.0035293741966597736
0.003536924603395164
0.003520702593959868
0.0035070432000793516
0.003515728993806988
0.003529582603368908
0.003540613397490233
0.003542589594144374
0.0035484159947372974
0.0035339768044650556
0.003550182399339974
0.003539724997244775
0.003552295605186373
0.003537295793648809
0.0035334537969902158
0.003525456797797233
0.0035423057968728246
0.0035419770050793887
0.0035219389945268633
0.003513735404703766
0.003520182007923722
0.003535585000645369
0.003541680797934532
0.003532813396304846
0.0035459581995382905
0.0035219033947214485
0.0035317987902089955
0.00352990860119462
0.0035402669920586048
0.0035232194000855087
0.0035414897953160106
0.003519190999213606
0.0035204379935748877
0.0035153080010786653
0.0035270457970909773
0.003526729193981737
0.003543652594089508
0.003541366197168827
0.0035340161994099617
0.003525118995457888
0.0035328159923665226
0.003537634597159922
0.003554306400474161
0.003532252798322588
0.0035266535938717424
0.003522975801024586
0.003529990394599736
0.0035316073917783797
0.0035370592027902602
0.0035407286020927133
0.0035325604025274516
0.0035208942019380627
0.0035583075950853527
0.003544329002033919
0.0035428493982180955
0.003531766205560416
0.0035369327990338205
0.0035331535967998207
0.003549150004982948
0.003522275609429926
0.0035388780059292914
0.003531162196304649
0.0035253640031442045
0.003532385011203587
0.003552828205283731
0.003545058204326779
0.003546759998425841
0.0035472022020258008
0.00355089099612087
0.0035397141939029096
0.003524683997966349
0.0035353421932086348
0.0035540865967050193
0.003541698004119098
0.003521504404488951
0.0035195152042433618
0.00351952719502151
0.003514887997880578
0.003518289199564606
0.00352223600493744
0.003546892199665308
0.003542443795595318
0.003519584599416703
0.0035204958054237067
0.003526418993715197
0.0035291764070279896
0.003549821802880615
0.0035416857921518386
0.00351635740371421
0.0035194020019844174
0.003519709804095328
0.003936952399089933
0.0035334603977389633
0.0035202124039642514
0.0035194786032661796
0.0035317035974003373
0.0035444611916318537
0.0035149938077665864
0.003527540003415197
0.0035204265965148806
0.0035191423958167434
0.0035402919980697333
0.0035350878024473786
0.0035392922000028193
0.003530961601063609
0.003520874190144241
0.003540656203404069
0.0035402144072577356
0.0035413500037975608
0.0035486991982907057
0.0035408692085184155
0.0035794568015262485
0.0035870310035534202
0.00356844300404191
0.0035650002071633937
0.003574407403357327
0.0035866320016793908
0.00357870840234682
0.0035728434100747108
0.0035569804022088647
0.003561479807831347
0.003575905994512141
0.0035580799914896486
0.003564275801181793
0.0035755531978793444
0.003579690400511026
0.003594634402543306
0.0035800871904939414
0.003595507598947734
0.003584505396429449
0.0035835723974741995
0.0035549822030588986
0.0035750774084590377
0.0035697484039701522
0.0035808691987767815
0.0035928837954998017
0.003586021589580923
0.00356398579897359
0.0035831953980959954
0.0035859317984431984
0.0035909560043364762
0.0035858700051903726
0.0035835635964758692
0.003582912008278072
0.0035804259940050544
0.003573839401360601
0.0035718434024602174
0.003579547198023647
0.0035826867911964654
0.0035815719980746507
0.0035684660077095033
0.003558607003651559
0.0035673542064614595
0.0035787412081845103
0.003583931608591229
0.003578119806479663
0.003583596192765981
0.0035723017994314433
0.0035766600049100816
0.0035812988062389195
0.003566521196626127
0.003552715806290507
0.0035639810026623308
0.0035755258053541184
0.003568999795243144
0.0035748524009250105
0.0035770566086284817
0.0035687158000655473
0.00356888520764187
0.0035566583974286914
0.0035806425963528453
0.0035806125961244106
0.0035856149974279107
0.0035776523989625277
0.003565569804050028
0.0035586560028605164
0.003566186595708132
0.0035848141997121274
0.0035660085966810586
0.003572678007185459
0.0035851069958880545
0.0035786797991022466
0.0035897433990612626
0.0035856742062605916
0.0035877251997590066
0.003588975395541638
0.0035640615969896317
0.003546321007888764
0.0035753028001636266
0.0035825498052872717
0.003588713810313493
0.0035815846058540046
0.0035832911962643266
0.0035973148071207104
0.0035874405992217364
0.003579548595007509
0.003585217404179275
0.0035862696007825435
0.0035924059920944273
0.003595487400889397
0.003569135605357587
0.003562190802767873
0.003590470599010587
0.0035712621989659964
0.0035705565940588714
0.0035626954049803317
0.0035881677991710602
0.003561804594937712
0.003584624594077468
0.003586941002868116
0.003590423602145165
0.0035868183942511676
0.0035964780021458865
0.0035785002051852643
0.0035931937978602945
0.0035868569975718856
0.00359299200354144
0.0035850064014084637
0.0035864387988112866
0.003561948402784765
0.003560981806367636
0.0035666330019012093
0.0035629765945486723
0.003560001007281244
0.003538331191521138
0.003548744390718639
0.003559232596307993
0.003552713606040925
0.003561989206355065
0.0035518768010661004
0.0035452009993605315
0.003545112605206668
0.0035482794046401978
0.003550065599847585
0.003567272797226906
0.0035755518008954825
0.003556666208896786
0.0035380837973207234
0.003575020597781986
0.00360286720097065
0.0035875884001143276
0.003593865199945867
0.003608001593966037
0.0036070414003916084
0.003612190403509885
0.003604387608356774
0.0036028868053108454
0.0036064538056962193
0.0036143116070888937
0.0035880932002328335
0.003604252205695957
0.003607843606732786
0.0036033128038980068
0.003587763803079724
0.0035924721974879502
0.003582306404132396
0.003605777001939714
0.003601396002341062
0.0035544165992178025
0.0035425463924184442
0.0035343747935257853
0.0035390959936194124
0.003535219992045313
0.003535833803471178
0.003536493401043117
0.003541573602706194
0.0035581039963290097
0.0035405936068855226
0.003546372789423913
0.00354024120606482
0.003541126393247396
0.0035372163983993232
0.003546016605105251
0.0035521462094038727
0.003549345803912729
0.0035532454028725626
0.0035544428043067454
0.0035241944016888736
0.0035384590039029716
0.003537199192214757
0.0035500954021699727
0.003544151608366519
0.0035371228004805744
0.0035502178012393414
0.0035528990090824665
0.003547578805591911
0.0035567527986131607
0.003530859190504998
0.0035354038001969455
0.003517694002948701
0.0035342684015631674
0.0035355392028577626
0.0035231968038715424
0.0035319334012456237
0.003543923806864768
0.0035460939980112016
0.00353624620474875
0.0035258546005934475
0.003533241606783122
0.0035391121986322106
0.00355184719664976
0.0035232409951277076
0.003528570395428687
0.0035243037971667947
0.0035334515967406334
0.0035403064102865756
0.0035422264016233386
0.003544787806458771
0.0035386254079639913
0.003546637808904052
0.0035469013964757323
0.003556807991117239
0.003524832602124661
0.0035142495995387434
0.0035321236005984246
0.0035312059917487204
0.003541101596783847
0.0035382524016313254
0.003527177998330444
0.0035388550022616982
0.0035441699903458355
0.003542066994123161
0.003533344203606248
0.0035412049968726934
0.0035317613976076244
0.0035304542048834263
0.0035312563995830715
0.0035395779996179044
0.0035349005949683486
0.0035364823997952044
0.0035540592041797938
0.003548664599657059
0.00353019559988752
0.003532405791338533
0.0035468698013573887
0.003536767594050616
0.003554307599551976
0.0035302730044350027
0.0035431355936452746
0.003544436604715884
0.0035292299930006267
0.0035254857968538998
0.0035391135956160725
0.003535660600755364
0.0036177327972836794
0.0035912698018364607
0.003600751794874668
0.0035990360076539217
0.0036132831941358746
0.0036079509998671712
0.0035951109952293337
0.0035901656025089323
0.0035815826035104693
0.0035729139926843345
0.003577699407469481
0.003585005202330649
0.003595330403186381
0.003580533794593066
0.0035939868073910477
0.0035869447980076074
0.0035937519976869227
0.0035894718021154404
0.003616142610553652
0.0035833656089380383
0.0035898786038160322
0.0035767782013863326
0.003577188798226416
0.0035852147964760663
0.0036065581953153014
0.0035964959999546407
0.003954683605115861
0.003586675797123462
0.0035990169970318677
0.003596578200813383
0.00360141679411754
0.003597054199781269
0.0035866563906893135
0.003566164197400212
0.003607765806373209
0.003586733399424702
0.00358136739814654
0.0035756241995841265
0.003619279805570841
0.0035789302084594963
0.0035890275961719454
0.003567174996715039
0.003598881000652909
0.0035944554023444653
0.003588777605909854
0.003589042997919023
0.003596964594908059
0.003547075402457267
0.003554591804277152
0.003563179599586874
0.0035702525987289847
0.0035706638009287417
0.0035625669988803566
0.003566821001004428
0.003573539399076253
0.003565868001896888
0.0035719248000532387
0.0035626878030598163
0.003550753789022565
0.0035587812075391413
0.0035752479918301104
0.0035646887961775066
0.0035588382044807075
0.0035643626004457475
0.003570729191415012
0.0035676253959536553
0.0035776007920503617
0.0035631766077131033
0.0035736770019866525
0.0035681654000654815
0.0035585321951657535
0.0035577415954321625
0.0035697304061613976
0.003570325404871255
0.0035771197988651695
0.003571695799473673
0.0035558044095523656
0.0035536346025764943
0.003578886401373893
0.003571755194570869
0.003571624995674938
0.003573264193255454
0.0035530296037904916
0.0035508911940269174
0.0035727234091609715
0.0035707989940419794
0.003550456999801099
0.0035523729980923235
0.003574068401940167
0.003568007599096745
0.003573276603128761
0.0035669026081450285
0.003574331395793706
0.0035571436048485337
0.0035539004020392895
0.0035554148023948075
0.003575013403315097
0.0035682993941009043
0.0035700015956535935
0.003576060594059527
0.0035705193993635477
0.003565664798952639
0.00355436319950968
0.0035648191929794847
0.00355956160929054
0.003566062799654901
0.0035736031946726142
0.003543023602105677
0.0035530376015231015
0.003554126399103552
0.0035699303960427644
0.003561644605360925
0.0035614644060842694
0.0035660678055137395
0.0035484099993482233
0.0035498951910994947
0.003570104599930346
0.003573852404952049
0.0035663182032294573
0.0035546245984733106
0.0035643207957036793
0.003571333200670779
0.003546623804140836
0.003562296601012349
0.0035556055954657495
0.003540048794820905
0.003568488999735564
0.0035478994017466904
0.003549791406840086
0.0035500909900292752
0.0035482011968269943
0.003555201191920787
0.0035624758107587694
0.003561126592103392
0.003563306003343314
0.0035709562012925743
0.003571943799033761
0.003567287209443748
0.003572084801271558
0.0035775323980487884
0.0035776191973127423
0.003573253005743027
0.0035724520101211967
0.0035710190073587
0.0035708855953998863
0.0035515774041414263
0.0035663819988258185
0.00357558618998155
0.003589181799907237
0.0035712595912627877
0.003572601405903697
0.003580458404030651
0.0035729552037082613
0.0035771923954598605
0.0035569658037275078
0.0035582251963205635
0.003546958602964878
0.003570862195920199
0.0035716718062758445
0.003570113203022629
0.0035703546018339694
0.003556977992411703
0.0035560318036004903
0.0035426369984634222
0.0035709784016944466
0.003568604192696512
0.0035763366031460464
0.00359295200323686
0.0036177578032948075
0.003590805607382208
0.003575703001115471
0.003539523994550109
0.0035519071971066296
0.003533454402349889
0.003529357397928834
0.0035436015925370155
0.003566960000898689
0.0035457724006846547
0.003544597397558391
0.003556787606794387
0.003591684007551521
0.0035763715975917878
0.003584176208823919
0.0035566573962569235
0.003592743806075305
0.0036185184027999638
0.00359909679973498
0.0035918698064051568
0.00360495001077652
0.0035905587952584027
0.0036089814035221933
0.003606916405260563
0.0036130281980149446
0.003617830004077405
0.003617220208980143
0.0036065140040591357
0.0035942573915235696
0.0036041015991941094
0.0036047430010512473
0.003603024210315198
0.0036116561968810856
0.003606938407756388
0.0036122819990850987
0.003613184404093772
0.0035988076007924972
0.0035955742001533507
0.003605018206872046
0.0036080123973079026
0.0036136470036581157
0.003606707602739334
0.0036100376048125325
0.003618339204695076
0.0036184864002279937
0.0036109059932641686
0.0036048315931111576
0.0036238951957784592
0.0036096232011914252
0.003606446203775704
0.003608330606948584
0.0035961346002295613
0.0035981170018203556
0.003609069006051868
0.003608168405480683
0.003605249396059662
0.0036106923944316804
0.0036036215955391527
0.0036038524005562065
0.003583792794961482
0.003603657998610288
0.003595251205842942
0.0035960701992735268
0.0035891536041162907
0.003610796597786248
0.0036115158000029624
0.0036085299914702775
0.003611707198433578
0.0036092831986024978
0.0036021518055349587
0.0036170402076095344
0.003597577998880297
0.003605804604012519
0.0035990742035210133
0.0036103012040257453
0.003606087400112301
0.003612362197600305
0.003598026803229004
0.003611926594749093
0.00359508580295369
0.003590657003223896
0.003581598401069641
0.0035872697946615515
0.003584116604179144
0.0035980129963718356
0.0035928795929066836
0.003603057598229498
0.003614120208658278
0.003615205397363752
0.003610485605895519
0.003612067806534469
0.0036037601996213196
0.003617947595193982
0.0036074738018214703
0.0036072054062969983
0.0035935290041379632
0.0035854852059856055
0.0035963770002126693
0.0036028252099640666
0.003599013201892376
0.0036116836010478435
0.0035905094002373515
0.0036036689998582006
0.003603813808877021
0.003601860802154988
0.003582405997440219
0.0035908350022509695
0.0035996758029796182
0.0035594383953139186
0.0035421052016317844
0.0035561825963668523
0.0035964653943665326
0.003594048600643873
0.0035842246026732026
0.0035873042070306838
0.003578843595460057
0.0036101431935094295
0.0035605879966169596
0.003553599608130753
0.0035549222026020288
0.0035403118003159762
0.0035433015902526675
0.003539308998733759
0.003558420797344297
0.003543814399745315
0.003543026000261307
0.0035620625945739447
0.003553591202944517
0.0035442759981378913
0.0035403499961830674
0.0035442790016531945
0.003547561191953719
0.003558968403376639
0.003555972198955715
0.0035404366091825066
0.0035400868044234814
0.003924409591127187
0.0035374109982512893
0.0035554942092858254
0.003531871596351266
0.003532341599930078
0.0035478781908750536
0.0035545673919841645
0.0035483975894749164
0.0035526177962310612
0.003535655396990478
0.0035524862003512682
0.0035502064041793347
0.003551014408003539
0.003546198399271816
0.003559532202780247
0.003548771806526929
0.0035414044046774506
0.00355081440648064
0.003559119999408722
0.0035536048002541066
0.0035558708012104036
0.0035317040048539637
0.003543838404584676
0.0035533130052499474
0.003560079203452915
0.003556723799556494
0.003559773601591587
0.0035522115998901428
0.003562954592052847
0.003536689991597086
0.003548026399221271
0.0035300664021633565
0.00353864380158484
0.0035377632011659443
0.003537669393699616
0.003534383594524115
0.0035397336003370585
0.0035261473967693746
0.0035425378009676933
0.003551665402483195
0.003553267405368388
0.0035510990070179104
0.0035518972086720168
0.0035445749992504714
0.003554535994771868
0.003532511799130589
0.0035491878050379457
0.00354478060035035
0.003558138804510236
0.003552257991395891
0.003559250198304653
0.003547799400985241
0.0035517775919288396
0.003547673998400569
0.0035516386036761106
0.0035616281908005475
0.003553893603384495
0.003551720001269132
0.00355110599193722
0.003559007798321545
0.0035440529929473994
0.003555710392538458
0.0035641925991512836
0.0035699062049388886
0.00355373959755525
0.0035380101995542645
0.0035618050023913383
0.003573037392925471
0.003566212998703122
0.0035725690075196328
0.003558161994442344
0.0035438550054095685
0.003557618008926511
0.0035618353984318675
0.0035649081924930214
0.00356171119492501
0.0035594944027252497
0.0035583485965617
0.003570457804016769
0.003531848802231252
0.003546557598747313
0.0035467711975798013
0.003554098797030747
0.0035607383935712276
0.003559024806600064
0.003558080398943275
0.0035402842098847032
0.0035546750063076616
0.003561797202564776
0.00354513400234282
0.003556705603841692
0.0035466318018734454
0.003553074796218425
0.0035587241989560427
0.0035422798013314606
0.003559259790927172
0.003558114799670875
0.0035554612055420875
0.0035329701961018143
0.003532712406013161
0.003565905604045838
0.003544623602647334
0.003547593008261174
0.0035518666030839086
0.00353723339503631
0.0035357919987291098
0.00353924420196563
0.0035284031997434794
0.0035478736041113733
0.0035482881939969957
0.003559577593114227
0.0035268492065370083
0.0035642661969177425
0.00353772200178355
0.0035584111930802463
0.0035384077928029
0.003542390197981149
0.0035591689986176787
0.0035629285965114834
0.003559980192221701
0.0035356416017748417
0.0035546155995689332
0.003538496803957969
0.003541280992794782
0.003559065202716738
0.003556897595990449
0.0035579841933213174
0.003561070200521499
0.003546808403916657
0.0035355738014914095
0.0035769962007179855
0.0035841455915942787
0.0035860561998561024
0.003579831193201244
0.0035917463945224883
0.003600752796046436
0.0036088704015128314
0.0035983640002086757
0.0036330219940282405
0.0036059265956282617
0.003965791198424995
0.003598894993774593
0.003606576391030103
0.003585001197643578
0.0036161783966235815
0.00359875540016219
0.0035884507931768896
0.003597576601896435
0.003608581400476396
0.003591206995770335
0.003588483389467001
0.0035962430061772465
0.0036131981993094086
0.003580396994948387
0.0035811215988360346
0.003577498602680862
0.0035880729905329646
0.0035882484051398935
0.003613452601712197
0.0036542315967381
0.00359046800294891
0.0035780436010099947
0.003587908996269107
0.003596571204252541
0.003589242999441922
0.0036071419948711992
0.0036063711973838507
0.003602521400898695
0.0036050825961865484
0.0035859520081430673
0.0035774561925791203
0.0035927913966588678
0.0036088467924855648
0.0036020976025611163
0.003609938803128898
0.0035901607945561407
0.003587428794708103
0.003578803001437336
0.0036102264071814715
0.003608011594042182
0.0036054602009244264
0.0035781358019448817
0.0035969111951999365
0.0035935561987571417
