average_runtime 0.0020845080872066318
0.0020843422040343284
0.0021914076060056686
0.0021391076035797594
0.0021228609955869617
0.0020169701892882586
0.0020870167994871736
0.0020057345973327756
0.0020636472036130726
0.0021349133923649786
0.002118330600205809
0.0020281160017475487
0.0021004035952501
0.002136969403363764
0.0022223006002604962
0.0020217373967170715
0.00203140260418877
0.0020425889990292488
0.0020671223988756537
0.0020619219983927907
0.0021716929972171784
0.002079642203170806
0.002016384806483984
0.0020413809921592473
0.0020664214040152728
0.002175539603922516
0.002059390605427325
0.002111337601672858
0.0020612881984561683
0.002066922397352755
0.002003037999384105
0.001985483802855015
0.002020976401399821
0.0020767071982845664
0.0019874942023307084
0.001976318203378469
0.0020100070047192275
0.0020732415956445037
0.0023768531973473728
0.002146774996072054
0.0020267642103135586
0.0019607043941505253
0.002097232197411358
0.002062059391755611
0.0020866038044914602
0.0020040296018123626
0.0020203019957989454
0.002082329406403005
0.0021004503942094743
0.0020708951982669533
0.0020917737972922625
0.002086874598171562
0.002024425403214991
0.0020210092072375117
0.0020277627976611257
0.002087892196141183
0.0020204578060656784
0.0020332623971626163
0.002041665208525956
0.0020150171942077575
0.0020839332020841537
0.0020570160006172953
0.002017511602025479
0.002039425203111023
0.0020410372060723605
0.0020572395995259287
0.0020343320094980298
0.00204793659504503
0.002063350402750075
0.002018527407199144
0.0020482067950069903
0.002165049803443253
0.0020346502074971794
0.002030819794163108
0.0021666347980499267
0.002021797001361847
0.0021376078017055987
0.0020511290058493614
0.0021597236045636237
0.00203091079602018
0.0020446449983865024
0.0020166510017588734
0.0020698184031061827
0.002029941393993795
0.0020991306053474547
0.0020764827961102126
0.0020566766033880413
0.0020485130022279917
0.002122688794042915
0.002165420399978757
0.002015607396606356
0.0020079629961401225
0.002013253001496196
0.0020798451965674757
0.0019948192057199776
0.0020086745964363216
0.0020552271977066993
0.0020020058029331265
0.0021300746011547744
0.0020785955945029854
0.0019856116035953165
0.0021274716011248527
0.0020308613893575966
0.00211011579958722
0.0021912879892624915
0.0021109751891344787
0.0022825524094514547
0.0019864625995978714
0.0020946634002029898
0.002069740800652653
0.002057266794145107
0.002117505599744618
0.002054223197046667
0.002070159395225346
0.002068554807920009
0.0020977961947210135
0.0020282073994167147
0.0021140612079761922
0.002011425991076976
0.002058865991421044
0.002038097591139376
0.002099269803147763
0.0020643306081183253
0.0020142305991612377
0.002020120795350522
0.0020371429971419277
0.0020530882058665155
0.002024784393142909
0.0020447535905987026
0.0020294068031944334
0.0020290045998990537
0.0020787656074389817
0.002047810994554311
0.0020341556053608658
0.0020929526071995497
0.002393015008419752
0.00225710041122511
0.0020254920003935696
0.0021098222001455723
0.002114991599228233
0.002123008598573506
0.0021412161993794145
0.002116598794236779
0.0021117280004546045
0.002105277997907251
0.0021101088030263783
0.0021246825926937163
0.002129781199619174
0.002119601797312498
0.002124527795240283
0.0020030500018037856
0.0023742013960145413
0.0021323089953511954
0.0019277203944511711
0.002104647597298026
0.0021112980088219047
0.0020776896039023996
0.002067164599429816
0.0020480492035858332
0.002101593802217394
0.002120915602426976
0.0021465841913595796
0.0021429886110126972
0.0020730274030938745
0.002018837397918105
0.002005643001757562
0.002027033211197704
0.002051556995138526
0.002060791803523898
0.0020404537906870248
0.002087105403188616
0.0020068956073373556
0.002021119196433574
0.0020284070051275194
0.0020948203979060053
0.00208013360388577
0.002069037198089063
0.0021417716052383184
0.002207803202327341
0.002191457594744861
0.002185244800057262
0.0021911247982643544
0.0020840379991568627
0.0020664022071287037
0.002035051793791354
0.0020605225930921734
0.002037328202277422
0.002007244806736708
0.0020006536040455105
0.0020124964066781104
0.0020752805983647706
0.0020614936016499995
0.0021456865943036973
0.002094528602901846
0.0020326342084445058
0.0020834496011957527
0.0020374362007714807
0.002054943598341197
0.0020631679915823044
0.0020748998038470747
0.0020321188028901817
0.002041115809697658
0.002055418398231268
0.002056089194957167
0.0020435866084881128
0.00210356879979372
0.0020973967970348895
0.0020578720024786888
0.0020112299942411484
0.0020176385995000603
0.0020495222066529094
0.0020154177909716964
0.0020678183995187283
0.0019813351915217935
0.0019425004022195936
0.001960708003025502
0.0020153227960690856
0.0020376509986817838
0.0020279451971873643
0.001975105004385114
0.001985323999542743
0.002074042207095772
0.0020651947939768433
0.0022069517988711597
0.0020532957976683976
0.0020789618021808563
0.0021097086020745335
0.0021121545927599073
0.0020290829939767717
0.002050677593797445
0.002004357404075563
0.002012152597308159
0.0021218264009803534
0.0021338006015866997
0.002137434796895832
0.002120768395252526
0.002194355404935777
0.002265119191724807
0.0020733100012876094
0.002028059004805982
0.002112778602167964
0.0021215238026343285
0.0021528344019316136
0.0020435840007849036
0.0020377761917188763
0.0020452008000575008
0.0020064709940925242
0.002036821807269007
0.0020820901961997153
0.0021281923982314765
0.0021652181982062756
0.00201970839407295
0.002015569002833217
0.0020160138024948536
0.0020106140058487655
0.002132518996950239
0.00209916039602831
0.0020311129977926613
0.0020005631959065795
0.002036386798135936
0.002061552391387522
0.0020374363986775277
0.0020054345950484276
0.0020923770032823088
0.002088478591758758
0.0020587464096024632
0.002034048596397042
0.00200880920747295
0.002038195601198822
0.0020289135980419816
0.0021190613973885775
0.0021497300011105837
0.0022188925999216736
0.0020651216036640108
0.0021270714001730084
0.002053277799859643
0.002184454200323671
0.002146875998005271
0.002076706604566425
0.002211636200081557
0.0025534826098009946
0.0021359352045692503
0.002011625003069639
0.0020473569980822503
0.002107590599916875
0.002171980997081846
0.0021525405929423867
0.002032008406240493
0.0020013767993077637
0.0020450031966902315
0.0021363651962019504
0.001977749599609524
0.002028422593139112
0.0021204557968303563
0.002155275805853307
0.002138083602767438
0.002091661805752665
0.002167455793824047
0.0021032348042353986
0.002143435599282384
0.0020230961963534355
0.002066919801291078
0.0021276429994031786
0.002184500591829419
0.002093080000486225
0.0020700199995189903
0.0020154620055109263
0.002142052398994565
0.0020836676005274056
0.0020866071921773256
0.0021120749996043743
0.0021184928016737105
0.0020956163993105293
0.0020495843957178293
0.002027610596269369
0.0020375658059492707
0.002066299202851951
0.002106769394595176
0.0021177324000746013
0.002057276200503111
0.002038447395898402
0.002026825596112758
0.0020427237963303924
0.0020609965897165237
0.002107717003673315
0.002171630191151053
0.002107025601435453
0.002153084601741284
0.0021247993921861053
0.0020738555933348833
0.0020337825990282
0.0020160348038189115
0.0021315570105798543
0.0020237153978087006
0.002115521393716335
0.002049720601644367
0.0020501067978329957
0.0020634952001273633
0.0020425855997018515
0.002132217399775982
0.0021115442039445044
0.0021155760041438043
0.002113022399134934
0.0020120151923038064
0.0020012776018120348
0.002106046408880502
0.00209572120802477
0.0020571549888700248
0.002059827197808772
0.00209140139631927
0.0024580176104791462
0.0021688585984520614
0.0021625702036544682
0.002221383003052324
0.0022460461943410335
0.002026802801992744
0.0020081114023923876
0.002112424199003726
0.0021417384035885335
0.002096260606776923
0.0020604429999366404
0.0020671000005677343
0.0020580463926307855
0.0021468316088430585
0.0021470602019689976
0.0021535304025746883
0.002165619202423841
0.0021782352006994186
0.0022547760047018526
0.002027946210000664
0.0020602768054232
0.0021243572002276776
0.0020522992010228334
0.0020398563938215375
0.0020015266025438906
0.0020876739989034833
0.002031397190876305
0.0020564415957778693
0.0021125849918462334
0.0021581162000074983
0.0020875948015600444
0.0020685585914179683
0.0020950296078808607
0.0021484063938260077
0.0021416146075353025
0.0021213739993982015
0.002135780605021864
0.0021215365966781976
0.002150012401398271
0.002164767391514033
0.0021131181973032655
0.002234791195951402
0.0021459332085214554
0.0020292581990361213
0.0020405012066476045
0.0020059998030774297
0.002021523006260395
0.002015395602211356
0.0020708594005554915
0.0020040357951074837
0.002026850392576307
0.002012404997367412
0.002061736199539155
0.0020654530031606554
0.0020370520069263875
0.002027363399975002
0.0020111826015636325
0.002127616200596094
0.002020937600173056
0.0020264082006178795
0.002015721402131021
0.002106399403419346
0.0020756116020493208
0.0020838505937717856
0.0021004345966503025
0.002123444201424718
0.0021434447960928084
0.0020489554037339984
0.002024330198764801
0.002075491601135582
0.002059751399792731
0.0020695540006272495
0.0020189051982015373
0.0020448338007554414
0.0020132743986323474
0.0021221686038188636
0.0021145551931113006
0.0021482212003320457
0.002128064201679081
0.0021269141929224134
0.002141740592196584
0.002141477190889418
0.002103418600745499
0.002165069803595543
0.0021534605999477207
0.002234826993662864
0.002066819788888097
0.002107734594028443
0.002051536599174142
0.0020361895905807613
0.0020456695929169655
0.0020834580063819885
0.0021310081938281655
0.0021147594088688493
0.002280929603148252
0.002238467999268323
0.002007215400226414
0.002096283808350563
0.0021624380024150014
0.002117267402354628
0.002115031599532813
0.00204854920739308
0.002151143201626837
0.0021818200009875
0.002093224599957466
0.002151521807536483
0.00203646479640156
0.0021752955974079667
0.0020352936000563203
0.0021237074048258363
0.002058554603718221
0.0020358416019007563
0.0020641707931645216
0.0021025681984610856
0.0020730087999254465
0.0020115218008868395
0.002055693604052067
0.002095171401742846
0.0021083179977722465
0.0021823268034495413
0.0020455165999010206
0.002037256397306919
0.002064179407898337
0.002039282594341785
0.0020814771996811032
0.0021300981985405087
0.0021097874036058784
0.002100236795376986
0.002149501605890691
0.0021306655951775612
0.0022271753987297416
0.0020160638028755783
0.002038776595145464
0.0020135179976932703
0.002055088197812438
0.0020866043982096017
0.002104870800394565
0.002050202002283186
0.002068304596468806
0.0020855640061199663
0.0020408342010341586
0.0021301350090652703
0.002127292403019965
0.0020420607994310557
0.002054368203971535
0.002117416402325034
0.0021352262003347276
0.002129081799648702
0.002145937399473041
0.002226881997194141
0.0022492349962703884
0.0020689397933892906
0.002132790198083967
0.0020818038028664887
0.002130084403324872
0.002094903599936515
0.002091608801856637
0.002067643404006958
0.002054646995384246
0.002021112001966685
0.002062202000524849
0.0020513181923888625
0.0020971675985492766
0.0021457271999679507
0.0022024728008545936
0.0021986803971230985
0.0022333689965307714
0.0022302768076770006
0.00227930280379951
0.0023187194019556046
0.0022067126003094016
0.0020112892030738293
0.002053334400989115
0.0020245731924660505
0.00210393340094015
0.0020819771918468176
0.0021220833994448187
0.002186827000696212
0.0020958274020813406
0.002056720794644207
0.0021109758061356844
0.002028115198481828
0.0021737987990491092
0.00211412439821288
0.0020362428040243685
0.0020859816111624243
0.002072542405221611
0.0021319461986422537
0.0021696110023185613
0.0020102243986912073
0.002102539804764092
0.0021239598048850895
0.002090605802368373
0.0021316572092473507
0.0021593755926005544
0.0020372973987832664
0.0020430980017408728
0.0021221630042418836
0.002066443592775613
0.002022607205435634
0.0020325260004028676
0.002120923390612006
0.002046107593923807
0.0020773667958565055
0.0019108316046185791
0.002123510802630335
0.0021123053971678018
0.0020251032081432642
0.0020886800019070508
0.0021267657983116807
0.0020409149932675064
0.002064428001176566
0.002111806196626276
0.002075024996884167
0.002108930400572717
0.0020291478023864327
0.0020582115976139903
0.0020369570003822444
0.002114432991947979
0.0021042942069470884
0.0021537865977734327
0.0020128980046138167
0.0022504485910758375
0.0020942389965057373
0.0021762611926533283
0.0020618829992599787
0.0021214195992797615
0.0020286830025725068
0.0020612731925211845
0.0020717942039482295
0.002142450795508921
0.0021214128006249665
0.0021026665926910937
0.0020338120055384936
0.0020605567959137263
0.0020706680021248757
0.0024094566004350783
0.002066935203038156
0.0020770622068084776
0.002048172801733017
0.002010989794507623
0.0020303413970395924
0.0020753940101712943
0.002162902196869254
0.002179966599214822
0.0020517281955108047
0.002136363403405994
0.0021310754003934563
0.00212670179316774
0.002017187001183629
0.0020383198047056795
0.0020511019974946976
0.0020836972049437462
0.002130111795850098
0.0021375998039729893
0.0021019091946072876
0.002139944594819099
0.002054070797748864
0.0021414907998405395
0.002145811798982322
0.002127135603222996
0.0021156957955099642
0.0020856640068814157
0.0021700083976611494
0.0020675836014561353
0.0020287623978219927
0.0020846885978244244
0.00206456258893013
0.002074661001097411
0.002077730803284794
0.0020405182032845913
0.0020691948011517525
0.002057971805334091
0.0021149993990547955
0.0020585653954185547
0.002065205597318709
0.0021187586011365057
0.0020091303973458706
0.002062586194369942
0.0020652015926316382
0.0020794363925233485
0.002050227194558829
0.0020074911997653546
0.0020754297962412237
0.002153463603463024
0.0020484261913225055
0.0020696565974503756
0.0020233641960658135
0.0019576073973439634
0.002137540001422167
0.002015235205180943
0.0020538435899652542
0.0020188333932310344
0.0020155302016064526
0.0020183188025839627
0.002031927404459566
0.002060396200977266
0.0020294909947551785
0.002033690398093313
0.002058313402812928
0.002031203405931592
0.00204314700094983
0.002088960004039109
0.0021226158016361294
0.0020540446043014527
0.002074593398720026
0.002110521006397903
0.0021621200023218988
0.0020388989942148328
0.0021384896012023092
0.0021026195958256722
0.0020879726042039694
0.00210730159888044
0.0020945364027284085
0.0021139450022019447
0.002084835199639201
0.002131809201091528
0.002061648806557059
0.0020480390056036414
0.0020355863962322474
0.002172506402712315
0.0021130448090843855
0.0021290054079145192
0.0021737643983215094
0.002032291598152369
0.0020437918021343647
0.0020708954078145327
0.002206945605576038
0.002134208008646965
0.0022288183914497494
0.0020419344073161483
0.0020667121978476645
0.0020012819906696675
0.0020996370003558695
0.002003312995657325
0.0020823096041567624
0.0020132769946940242
0.0020124432048760355
0.0020825150073505937
0.002041804208420217
0.0019977428019046783
0.002052418002858758
0.0021967494045384227
0.0021906338050030174
0.0020748730050399898
0.0020756009966135026
0.0020618280046619474
0.002153695002198219
0.002106610999908298
0.00205402480205521
0.0020424628048203884
0.0020544065977446736
0.0020412452053278685
0.0021031889948062597
0.002066886192187667
0.0021146579994820057
0.0020755648030899463
0.002106783597264439
0.0020884822006337345
0.0019939987920224666
0.0021219418034888805
0.0021279821987263857
0.002026674209628254
0.0020154740079306064
0.002022821200080216
0.0020487579982727765
0.0020800599944777788
0.0020012799999676646
0.002038763999007642
0.0021084713982418178
0.0020751733914949
0.0020856113987974823
0.0021293005906045438
0.002071115199942142
0.0020966726006008685
0.0021197360008955004
0.0021577612031251194
0.0022363758063875137
0.002212390198837966
0.002138322591781616
0.0021181900054216387
0.002122091199271381
0.002023202006239444
0.0020913857966661452
0.002059051999822259
0.002094452199526131
0.0021183039993047715
0.002113892196211964
0.002110355789773166
0.0021258082007989286
0.0020498643978498878
0.002036735403817147
0.0019948137924075127
0.002000975806731731
0.002051846799440682
0.0020434119971469043
0.0020480515900999307
0.002085621003061533
0.0020637445966713132
0.0020883325953036545
0.0021253366023302077
0.0021182790049351754
0.002099766198080033
0.002107552206143737
0.0020949765923433004
0.0021164347999729216
0.002112537797074765
0.0021210280014202
0.0020979290013201533
0.002101608598604798
0.0020956053980626167
0.002006929798517376
0.002008413604926318
0.0020276829949580134
0.002051265398040414
0.0021206411998718976
0.0020211874041706325
0.002134101407136768
0.002167907799594104
0.0021510919905267656
0.0021504542091861367
0.0020405775983817877
0.002249048405792564
0.002240504801739007
0.002157454995904118
0.0020610632025636734
0.002041397395078093
0.0020149376010522245
0.0020323971984907985
0.0020666853990405796
0.0020872702007181942
0.002059468801598996
0.0020476885954849424
0.002200383599847555
0.0022067496087402106
0.002108216204214841
0.0020222913939505816
0.002103600394912064
0.0021186401951126753
0.0020835127914324405
0.0020465162000618876
0.0020279309945181014
0.0020586272003129125
0.0021288115996867417
0.00202583180507645
0.0020424747955985366
0.002090440993197262
0.0021064642001874744
0.002097813202999532
0.002086977404542267
0.0020816133939661084
0.0020241725957021116
0.002036022604443133
0.0020065158023498952
0.0021079257945530116
0.002042786404490471
0.002064849797170609
0.002098455198574811
0.002071627601981163
0.0020809462061151863
0.0020703288028016686
0.002061772800516337
0.0021099985926412044
0.002171141596045345
0.0020861687953583896
0.0020473961951211093
0.002048063604161143
0.0024399440037086604
0.0020170970004983247
0.002205695991870016
0.0020103446091525256
0.002033945801667869
0.0021076303906738757
0.0020555739989504217
0.0021036916063167156
0.002054574410431087
0.002055258397012949
0.0020694184000603854
0.002088330395054072
0.0021414051996544005
0.0021086711902171375
0.0020828939974308013
0.00213250300148502
0.0020244893967173994
0.0020835350034758447
0.0020657469984143974
0.0020873269997537134
0.002129976998548955
0.002058450400363654
0.0021061744075268505
0.002106786798685789
0.0021100795944221317
0.002102701598778367
0.0021019909996539353
0.0021017019986175
0.002090251399204135
0.002039371198043227
0.0022289974032901226
0.0020300547941587864
0.002035949402488768
0.0022027552011422815
0.0020356556051410735
0.0020496490062214432
0.0020165582071058454
0.0020065736025571823
0.0021116412011906505
0.0020668740035034716
0.0020733832032419743
0.0020959194051101806
0.0020935896085575224
0.0020457144011743365
0.0021034955978393556
0.002003005798906088
0.0020275776041671634
0.002082251594401896
0.002086841594427824
0.0020579917938448487
0.0020549300010316075
0.0020230312016792595
0.002063843002542853
0.0020970792043954133
0.002102704392746091
0.0020922600058838727
0.0020619480055756867
0.0020624550059437754
0.002050900994800031
0.002109833201393485
0.0020483710104599595
0.0021007131901569663
0.0020980385947041214
0.0021485914010554554
0.002089039201382548
0.0020179720013402402
0.0021427176077850165
0.0022393228020519016
0.0021037828060798346
0.0020772302057594063
0.0020561235956847667
0.002044507407117635
0.0020669260062277316
0.00208945240592584
0.0020613800035789607
0.002066837390884757
0.0021142808021977545
0.0020766681991517544
0.0021304443944245577
0.00200528500135988
0.002043733594473451
0.002045205398462713
0.0021487145917490126
0.002052364801056683
0.0021086206077598037
0.0021934046060778202
0.0020195040036924184
0.0021314088022336363
0.002134669607039541
0.0020881809992715715
0.0020628205966204405
0.0020781656028702857
0.0020519443904049696
0.0021155693917535245
0.002030765195377171
0.0021130791981704535
0.002095975202973932
0.0021516571985557677
0.002028064802289009
0.002050267392769456
0.0021179668023251
0.002030895999632776
0.002066561207175255
0.0021158226067200304
0.002042964205611497
0.002140903798863292
0.00205582519993186
0.0020385092007927596
0.0020631510065868496
0.0020803841995075344
0.002079862600658089
0.002066113392356783
0.0021691649919375776
0.0020106757991015913
0.002150223997887224
0.002063419797923416
0.002132637205068022
0.002108611795119941
0.0021807536017149688
0.0021188464015722275
0.0020180451916530727
0.0020846178056672217
0.002030815405305475
0.002086375805083662
0.0020473444019444287
0.0020780404098331927
0.0021056839963421226
0.002068842202425003
0.0020556670031510295
0.0020169122028164564
0.0020476751960814
0.0020328438025899232
0.0020316830021329226
0.002045839000493288
0.002050136006437242
0.00209686680464074
0.0020961374044418334
0.002098666795063764
0.002154466602951288
0.0020814340095967054
0.0020627268007956446
0.0021015539998188613
0.002046956401318312
0.0020104626077227295
0.002102923206984997
0.0020244376035407187
0.002057557797525078
0.0020333514083176853
0.0020328511949628592
0.0020348942023701968
0.002087510202545673
0.0020531632006168367
0.002332329994533211
0.0020210998016409578
0.002033428195863962
0.002012715395539999
0.0020346833975054325
0.0021491197985596955
0.0021269819932058453
0.0021446903934702276
0.002023366198409349
0.0020362242008559405
0.002030768198892474
0.0021478898008354006
0.0020332298008725047
0.002109932410530746
0.002036708197556436
0.0020933464053086936
0.0021170075982809068
0.0020231970003806053
0.002038297196850181
0.002067566802725196
0.002091688197106123
0.002141982794273645
0.0021197521942667662
0.0020302248070947827
0.0020607576007023454
0.0020363165996968744
0.002047842601314187
0.0020377492066472767
0.0021005671937018634
0.002026993595063686
0.0021038765902630986
0.00202272420283407
