average_runtime 0.0029744003599160352
0.0028709240024909375
0.0029002077993936838
0.0028387319995090365
0.0028700424009002745
0.0028736786101944745
0.0028506870032288132
0.002956653002183884
0.0029270522063598037
0.0029024127987213435
0.0028965855948626996
0.0029441063990816472
0.002937795000616461
0.0029861403978429734
0.002925479598343372
0.00294728820445016
0.002926951600238681
0.0029201927944086494
0.0029572576051577924
0.002957565593533218
0.0029430344002321362
0.003785703401081264
0.0029833780019544063
0.002930916799232364
0.002878218609839678
0.0028597491909749806
0.002895202999934554
0.002870546409394592
0.0029493812005966904
0.002933240996208042
0.0029171159956604244
0.002936975995544344
0.0029417282086797057
0.002960466395597905
0.0029087338014505805
0.002925892604980618
0.0029184520011767746
0.0029623217997141182
0.0029069051961414516
0.0029229594045318665
0.002954638993833214
0.00294477780116722
0.0029786436003632843
0.0029397059930488466
0.0029247657977975903
0.002969237801153213
0.002966284193098545
0.0029359993990510703
0.002947201195638627
0.002913871197961271
0.002943349804263562
0.002945991000160575
0.002951257606036961
0.002954018407035619
0.002992983802687377
0.0029765872051939367
0.002971880801487714
0.002934266603551805
0.0029439953970722852
0.0028984405915252866
0.002954172797035426
0.0029825425939634443
0.0029491019900888204
0.00292457879986614
0.0029260986018925907
0.002932248800061643
0.0029747231979854404
0.0029953087912872435
0.0029778993921354413
0.0029414221993647517
0.0029706469969823955
0.0029338533990085126
0.002979684399906546
0.003005911398213357
0.0029913204023614528
0.0029339803964830934
0.002973539603408426
0.0029283170006237924
0.002961584192235023
0.0029655660036951303
0.002971133403480053
0.0029689038055948913
0.002986901008989662
0.003003073192667216
0.0029560763970948754
0.0029505932005122306
0.002944727800786495
0.0029418760095722973
0.003239189402665943
0.002925992396194488
0.0029423999949358404
0.0029383148066699505
0.0029769057990051808
0.0029817467904649673
0.0029417106066830455
0.002956850593909621
0.002967264608014375
0.0029949079966172577
0.0029820723924785853
0.002983362798113376
0.002981402992736548
0.002958881203085184
0.003419614606536925
0.0029660944011993704
0.002946656593121588
0.0029411854106001557
0.0029366474016569557
0.0029474718030542135
0.0029351274017244576
0.00292542859679088
0.0029359639971517026
0.0029463097918778656
0.0029538330039940775
0.002947696193587035
0.002916374406777322
0.002966999600175768
0.0029764096019789577
0.0029410399962216615
0.0029590511927381157
0.0029772215988487006
0.002930460998322815
0.0029523010016418993
0.0029647791991010307
0.0029546663979999723
0.00295541399391368
0.003283910802565515
0.002956504002213478
0.002947274607140571
0.0029541243915446103
0.0034020132035948334
0.0029676509904675184
0.0029599937959574165
0.002944087598007172
0.0029550101957283915
0.0029344054055400193
0.0029463998042047026
0.002976717206183821
0.0029468688066117466
0.0029645003960467875
0.00297593540744856
0.0029365206020884214
0.002904919593129307
0.0029841586016118526
0.0029395916033536197
0.0029442183906212447
0.0029018210014328362
0.0029766108025796713
0.002985047805123031
0.0029925131937488915
0.002969151397701353
0.0029916112078353764
0.0029769318061880767
0.0029853659914806487
0.002990863798186183
0.0029692834010347723
0.0033932326012291016
0.0029704833985306324
0.0029701792052946987
0.0029299904010258613
0.002953757392242551
0.0029635407961905004
0.002952953800559044
0.002938654401805252
0.002955381595529616
0.002942643396090716
0.002956879197154194
0.0029332202044315635
0.002945682394783944
0.002920962800271809
0.002911744196899235
0.0029130387934856116
0.0028950757929123937
0.002926912799011916
0.0028925192076712848
0.0028656688053160908
0.0029842421994544567
0.002941402606666088
0.002988942596130073
0.0029441812075674534
0.0029661417938768864
0.0029428199981339277
0.002859383204486221
0.0029439160018227993
0.0029326993972063065
0.0029384484048932792
0.00295841220067814
0.0029366279952228068
0.0029439790057949724
0.003322185995057225
0.0029647773946635423
0.00295456979656592
0.002929343597497791
0.002948330203071237
0.0029481868026778103
0.0029328056029044093
0.0029390370007604362
0.002967583597637713
0.0029652090044692157
0.002953959594015032
0.002928667399100959
0.0029443140025250613
0.002943522995337844
0.0029847327969036996
0.0029542730073444544
0.0029579937923699617
0.00295825379434973
0.002919819997623563
0.002940582192968577
0.0029558657901361586
0.003006647201254964
0.002962606796063483
0.002920261991675943
0.0029772273963317277
0.002959009597543627
0.0029830347979441286
0.0029987387941218914
0.0029588584089651703
0.002967557404190302
0.0029744748026132584
0.0029797962051816285
0.002984294993802905
0.002969147206749767
0.002975474996492267
0.003008898999541998
0.002991328190546483
0.0029878639965318144
0.0029455247917212547
0.002933168807066977
0.0029816266032867134
0.002990323002450168
0.002949574205558747
0.002953929197974503
0.002982051600702107
0.0029325535986572506
0.002951404603663832
0.002970748406369239
0.0029772605979815126
0.0029698524042032657
0.002969144401140511
0.002942691196221858
0.0029816197929903865
0.0029377183993346987
0.0029209700063802303
0.002961502398829907
0.0029769315966404974
0.0029541388037614526
0.0029713899944908916
0.002964948397129774
0.0029834117973223328
0.002959412196651101
0.0029738400015048684
0.0029569345992058516
0.0029446618049405516
0.002992050803732127
0.0029502347926609216
0.002936857799068093
0.002999067201744765
0.002963544998783618
0.0029578118002973495
0.0029816890018992126
0.002973923401441425
0.00293545660097152
0.0029657871928066015
0.0029475035960786046
0.002951173996552825
0.002971582196187228
0.002999480196740478
0.00300905880285427
0.002978115004952997
0.002970106597058475
0.0029972414020448925
0.0029568881960585713
0.002938369999174029
0.002957352006342262
0.002973090601153672
0.0029364716028794646
0.002987096202559769
0.0029775854083709417
0.003289536596275866
0.002962383395060897
0.002997903001960367
0.0029437844059430063
0.0029947226052172483
0.003019330196548253
0.0029617219930514692
0.0030371692031621934
0.002969210396986455
0.002960232796613127
0.0029581683920696378
0.0029828411992639304
0.002960732800420374
0.0029955627978779376
0.0029684768058359625
0.0029605158022604884
0.002976972796022892
0.0029834751971066
0.002944224793463945
0.0029606819967739283
0.002945730392821133
0.0029323779977858066
0.0029617758002132176
0.002962865598965436
0.0029938175925053657
0.002972365403547883
0.0029741509933955967
0.0029787248000502585
0.0030213882098905744
0.0029554947977885604
0.002968359598889947
0.002973922400269657
0.002959355595521629
0.0029681007959879934
0.0029237830080091954
0.002920173003803939
0.0028961393982172012
0.0029083476052619516
0.0029074182035401463
0.0029409398091956975
0.002974210400134325
0.0029524037963710725
0.0029339008033275604
0.0029267655918374658
0.0029464995954185725
0.0029569157981313766
0.0029701962019316854
0.0029124370077624915
0.0029765968094579874
0.002939909009728581
0.0029631044017151
0.002964750595856458
0.0029567050049081446
0.0029284629970788957
0.0029250081977806987
0.0029519236064516007
0.0029827885911799966
0.002966625394765288
0.002943439409136772
0.0029690915951505305
0.0029368626070208847
0.002954304392915219
0.0029364799964241685
0.002966034400742501
0.002941959397867322
0.002959978801663965
0.0029940072097815575
0.002950214804150164
0.002959666808601469
0.002927224396262318
0.0029324511997401714
0.002969463192857802
0.0029599219909869135
0.002941108401864767
0.0029733371920883656
0.002954451204277575
0.002965813397895545
0.0029666622052900494
0.0029730251990258694
0.0029671693919226527
0.002962221996858716
0.002988519996870309
0.002982234791852534
0.0029510002001188695
0.002962937799748033
0.002986589400097728
0.00294716419884935
0.0029344459995627402
0.0029502468067221345
0.0029758623917587102
0.0029638625914230944
0.002992687001824379
0.002936997194774449
0.0029280765913426874
0.002949076797813177
0.0029642223962582648
0.0029513934045098723
0.0029722599894739686
0.002975525602232665
0.003023033193312585
0.0029957482009194793
0.002948694594670087
0.0029614815954118966
0.003000566002447158
0.003001668001525104
0.00297473999671638
0.002974717796314508
0.0029878725996240973
0.002977846993599087
0.002980044193100184
0.0029713939991779627
0.0029690659954212605
0.002965320798102766
0.0029736771946772935
0.0029207760002464057
0.0029492647969163953
0.0029769040062092244
0.0029564308002591132
0.0029920303961262105
0.0029517907998524604
0.003025737195275724
0.0029854816035367548
0.002946964802686125
0.002953421592246741
0.002961474796757102
0.0029903889982961116
0.0029629636090248825
0.0029825197998434305
0.0029592232080176474
0.0029874483938328923
0.0029979791957885026
0.002963022398762405
0.0029722900013439356
0.0029677651938982306
0.003017583990003914
0.002931757806800306
0.003742779407184571
0.0029659029911272227
0.0029327262076549233
0.002970958000514656
0.002943061606492847
0.002983321598730981
0.0029608597978949547
0.002964194188825786
0.002947478601709008
0.00299870939925313
0.002975404809694737
0.0029627795913256703
0.002982374804560095
0.0029704892076551914
0.002943555801175535
0.002964150800835341
0.0029632816091179847
0.002935825998429209
0.0029382064007222653
0.0029825772042386236
0.0029726993991062043
0.0029343758011236786
0.0029762594029307367
0.0029393511940725148
0.002941626205574721
0.002978926000650972
0.0029616538085974753
0.0029423354077152907
0.0029647369985468684
0.00294562199851498
0.0029459933983162047
0.002945755992550403
0.0029322779970243572
0.0029805876081809403
0.0029738957993686197
0.0029604790033772588
0.0029892413993366064
0.002947865193709731
0.0029975809971801936
0.0029703221982344983
0.002965442999266088
0.0029634412028826775
0.002986472798511386
0.0030122046009637415
0.002954064402729273
0.003020811395253986
0.00295986799756065
0.002956602396443486
0.002981767803430557
0.0029698348022066056
0.002980665198992938
0.00296409260481596
0.0030050295987166463
0.0029543079901486633
0.002981378196272999
0.002994811604730785
0.002943710400722921
0.002959057595580816
0.0029565436067059635
0.0029639085987582803
0.0029693271964788435
0.0029291145969182254
0.002927682606969029
0.002919575199484825
0.002972343598958105
0.0029589122044853867
0.0029625719995237886
0.0029149801936000585
0.0029159158002585173
0.0029497380019165576
0.0029493754031136633
0.0029538908042013646
0.0029753032024018465
0.002946650399826467
0.0029595686006359755
0.0029369894065894185
0.0029302973998710513
0.002985604596324265
0.002964062208775431
0.002944346598815173
0.002951903990469873
0.0029559588059782983
0.0029386637965217234
0.002980097196996212
0.0029846274061128496
0.00298223861027509
0.0029381461907178165
0.0029666129965335132
0.00295593939954415
0.0029254066059365867
0.0029525495949201284
0.002947829198092222
0.002942136803176254
0.002936577401123941
0.0029592319973744453
0.0029895721934735777
0.0029715772019699217
0.002970673399977386
0.0030342675978317856
0.002992780797649175
0.0030215463950298725
0.00297749899327755
0.002980910800397396
0.002989427209831774
0.0030012013972736894
0.002968702593352646
0.0029584071948193015
0.0032795927952975036
0.002977757598273456
0.00298110960284248
0.002971542801242322
0.00298157159704715
0.0030087143997661768
0.002987045410554856
0.002986741007771343
0.002959109202492982
0.002999253396410495
0.0029504575999453665
0.0029722316074185075
0.0029800084070302547
0.0030189556069672107
0.003012190607842058
0.003018566605169326
0.0029986454057507215
0.002968091797083616
0.0029864793992601334
0.002960457804147154
0.002976046595722437
0.0029592409962788226
0.002978640398941934
0.0029430646100081503
0.002948774793185294
0.002938305598217994
0.0029335256083868446
0.0029541059979237617
0.002957572601735592
0.0029622837901115417
0.0029648912022821605
0.002988853002898395
0.002981212199665606
0.0030004439991898834
0.0030056480085477234
0.002986861206591129
0.003009758400730789
0.002961584401782602
0.003000174602493644
0.002966333203949034
0.0029943680041469634
0.0029640056076459587
0.002995198394637555
0.002953595796134323
0.0029935138067230583
0.002951535407919437
0.0029438538011163475
0.002943987597245723
0.0029407647904008626
0.002997445594519377
0.0030323684099130333
0.00297007899498567
0.002964961400721222
0.002988841396290809
0.002978908992372453
0.003007400198839605
0.0029726401902735234
0.0029870955972000957
0.003016326599754393
0.0029656945960596206
0.0029770830064080656
0.002967834600713104
0.002980600204318762
0.003015771391801536
0.002965477609541267
0.00296365839894861
0.0029802265926264226
0.002976947196293622
0.0029935722006484864
0.0029683487955480814
0.002974714199081063
0.0029769450076855717
0.002955775195732713
0.002972026204224676
0.0029816986061632633
0.002940488199237734
0.00298541720258072
0.002929394808597863
0.0029819226008839907
0.0029556880006566645
0.0029610182042233645
0.0029378921957686544
0.002981711004395038
0.0029346929979510604
0.0029802532051689925
0.0029993675998412073
0.0030146223958581685
0.0030040804063901304
0.002999140799511224
0.0030178810004144905
0.002981767407618463
0.003001201793085784
0.0029701936058700086
0.002982294000685215
0.0029615534003823996
0.0029909147997386754
0.0029562563984654846
0.002993829210754484
0.002969162806402892
0.002973753400146961
0.0029702670057304204
0.0029849560000002385
0.002959539205767214
0.0029459543991833927
0.0029711458017118277
0.0029779119999147952
0.002994246408343315
0.002968207001686096
0.0030090650077909233
0.0029973905999213456
0.0030154363950714467
0.002961468801368028
0.0029794847941957414
0.003008740197401494
0.0029914289945736526
0.002986814791802317
0.002969232597388327
0.002960964397061616
0.002969034994021058
0.0029781232005916536
0.0029713232070207596
0.0029713563970290126
0.0029578214045614002
0.0029851605999283493
0.0029727249988354743
0.002973090601153672
0.00301918979967013
0.002955586009193212
0.0030067953979596496
0.0029622506001032887
0.0029899585992097855
0.003035233204718679
0.0033187218010425567
0.0029816702008247375
0.0029435185948386788
0.002966736594680697
0.0029562767944298685
0.0029483041958883404
0.002964964392594993
0.0029492648085579277
0.0029386069974862037
0.002949470200110227
0.002987648395355791
0.00298788360087201
0.0030149588012136517
0.0029525607940740885
0.002949654997792095
0.002957688004244119
0.00294805959565565
0.0029712193994782866
0.002977426804136485
0.002941556798759848
0.0029457581927999853
0.0029438597965054216
0.0029282236006110906
0.0029725939966738224
0.00295917660696432
0.002943840401712805
0.002993439196143299
0.0029863290023058654
0.003030531189870089
0.002994575200136751
0.002970709791406989
0.0029768797918222844
0.0029932920006103814
0.002986748202238232
0.0029854455962777136
0.0029843630036339164
0.002997041598428041
0.002969904593192041
0.002958367601968348
0.0029673493932932614
0.002986899996176362
0.002962123800534755
0.002982019598130137
0.0029635161976329983
0.002966921404004097
0.0029870828031562267
0.002999250800348818
0.002968250005505979
0.0029508132021874188
0.0029471953981555997
0.0029640512075275183
0.0029509746003896
0.0029980005929246545
0.002953477401752025
0.0029690283932723104
0.0029742101905867457
0.0030084733967669307
0.0029564240016043187
0.00297488960204646
0.002943045599386096
0.0029452088056132197
0.0029710378032177685
0.002942708600312471
0.0029352220008149743
0.0029817693983204665
0.0029568626079708336
0.0029419266036711635
0.0029398191953077914
0.0029926731949672103
0.0029773048008792102
0.002958599803969264
0.0029356885934248567
0.0029742242069914935
0.0029659677995368837
0.00324783039977774
0.0029741317965090277
0.002988505200482905
0.0030033015995286406
0.0029858933994546533
0.002962244802620262
0.0029721118044108152
0.0029536040034145116
0.0029466764070093633
0.0029470853973180056
0.00294451720546931
0.002942278597038239
0.0029361629975028338
0.002946506009902805
0.0029368450050242245
0.0029588862089440227
0.0029426811961457133
0.002937715395819396
0.002945192810148001
0.0029598855995573103
0.0030032915994524954
0.0029434203985147177
0.00294712899485603
0.002933894598390907
0.0029673084034584464
0.0029511136002838612
0.0029851049999706446
0.0029523932025767863
0.002953336597420275
0.0029734711977653207
0.002969027205836028
0.0029511809931136667
0.002973395597655326
0.002940534392837435
0.0029471128014847635
0.0029437914025038482
0.002931215800344944
0.0029290670063346624
0.0029315293999388815
0.002906153199728578
0.002961858210619539
0.0029345673974603415
0.002944055199623108
0.0029271306004375218
0.0029527395963668823
0.002917814999818802
0.0029289465979672968
0.0029216182068921626
0.0029300175956450403
0.0029339823988266287
0.0029141408042050896
0.0029636555933393537
0.002974701998755336
0.0029783582082018255
0.0029501373996026815
0.003019252198282629
0.002991593594197184
0.0030025554005987942
0.0029783912003040315
0.002969118405599147
0.0030175547930411995
0.0029492561938241125
0.002962186001241207
0.0030034341965802015
0.0029660123982466757
0.0029639741987921298
0.0030132591957226394
0.002962924598250538
0.0029974568053148685
0.002979833004064858
0.003017347992863506
0.0029913979931734504
0.0029826438054442405
0.0030036279931664467
0.003272682602982968
0.0030071299988776445
0.002960940799675882
0.002976645401213318
0.002983873197808862
0.002966159803327173
0.0029948501964099706
0.0029843137948773802
0.002994798799045384
0.0029760139994323255
0.003034685004968196
0.0030067245941609146
0.0029377901926636698
0.002898342802654952
0.00293224019696936
0.0029779223958030345
0.0029538688017055393
0.0029518787981942297
0.002981920400634408
0.002976332604885101
0.0030029022018425167
0.0029919248074293135
0.0029798063915222883
0.002981161407660693
0.003063975798431784
0.0030263390042819084
0.0029983166023157537
0.003077819396276027
0.0030000012018717827
0.0029602373950183393
0.002993659605272114
0.0029771897941827776
0.0030711430008523166
0.002990872401278466
0.0029771815985441207
0.002975489804521203
0.0029781127930618824
0.002987270394805819
0.002958676195703447
0.0029906669980846344
0.002948355197440833
0.002949921600520611
0.0030040302081033587
0.0029853284009732305
0.0029727858025580646
0.002961398591287434
0.0029566026059910655
0.002997541206423193
0.0029718643985688687
0.0029939166037365795
0.0029745382023975255
0.003549911000300199
0.002991154999472201
0.0029938590014353395
0.0029792536050081255
0.003048572991974652
0.00296273420099169
0.0029818445909768343
0.0029787870007567108
0.0029806353966705503
0.0029849620070308445
0.002963930007535964
0.002974327199626714
0.0029323708033189176
0.0029442086000926793
0.002962554607074708
0.0029585476033389567
0.002943617198616266
0.002930298598948866
0.0029368840041570365
0.0029415525961667298
0.002964202605653554
0.00298716239631176
0.003057174209970981
0.0029982459964230657
0.0030149885918945075
0.003015234798658639
0.002995960193220526
0.0030063302023336292
0.003041699808090925
0.0030591874034143983
0.0030344170052558185
0.0030165845993906258
0.003018681809771806
0.003021961008198559
0.002969430200755596
0.003007051791064441
0.0029625588096678255
0.0030141139985062184
0.0029891259968280793
0.002946275204885751
0.0029361494001932443
0.003002695192117244
0.00294321000110358
0.0029468486085534097
0.0030205106013454497
0.002983127802144736
0.0030179945984855293
0.0030655498034320773
0.00296828739810735
0.0029819183982908726
0.0029775361996144055
0.0030695894034579395
0.002986817399505526
0.0029890485922805963
0.0030029786052182318
0.0030157991917803884
0.0030438594054430722
0.0030357777955941855
0.003034433803986758
0.002976695203687996
0.0030642519937828182
0.003101008397061378
0.002956654399167746
0.0030054033966735007
0.002994533197488636
0.00298662600107491
0.002951678796671331
0.0030163023970089854
0.0029892744030803444
0.002965230995323509
0.0029498488060198725
0.002947020810097456
0.004871639399789273
0.00300475440453738
0.0029901455971412362
0.003005739802028984
0.003002745402045548
0.0029555559973232447
0.0029535567970015108
0.0029683807981200514
0.0029756737989373506
0.0029723666026256978
0.0029992653988301756
0.0029758414020761847
0.003003152599558234
0.0029993186006322505
0.0030000808066688476
0.002981610596179962
0.0029557154048234224
0.0029872911982238293
0.002969268197193742
0.0029617202002555133
0.0029894292005337776
0.002957497991155833
0.0029667192022316156
0.002940118801780045
0.0029805148020386695
0.002999247401021421
0.0029924970003776252
0.002990159997716546
0.002990641398355365
0.0030056193936616182
0.0029843121999874713
0.0029788890038616954
0.002989228197839111
0.0029749943991191686
0.0029790495987981557
0.002965863805729896
0.0029724640073254703
0.002998005994595587
0.0029833810054697095
0.002989704196806997
0.0030239737941883506
0.0029641238041222097
0.0029805938014760614
0.0029831447987817227
0.002990031591616571
0.0029613601975142954
0.0030033941962756216
0.002965613408014178
0.002977443009149283
0.002983128803316504
0.0029582816059701145
0.0030041801976040004
0.0029746931977570057
0.003031918394844979
0.0029696399928070606
0.0029933902085758747
0.0029671892058104276
0.0029670000076293945
0.0029480580007657407
0.0029462054022587835
0.002954481600318104
0.0029961240012198686
0.0029408970032818614
0.002959088806528598
0.002965641196351498
0.0029628643998876212
0.002936505200341344
0.00296580899739638
0.0029590273974463344
0.00295815400313586
0.0029816337977536024
0.002986331598367542
0.0030341995996423067
0.0029765077983029188
0.0029779065982438622
0.0029592634062282743
0.002962258202023804
