average_runtime 0.002053566636133473
0.0020889180013909936
0.002199011598713696
0.0020863357931375504
0.002085561607964337
0.0020584639976732435
0.002061795792542398
0.0019813220016658304
0.002064878400415182
0.0020824942039325833
0.0020334923989139496
0.0020046513993293045
0.0020549594075419007
0.0020372180035337804
0.0021842374000698326
0.00200320219155401
0.001988320599775761
0.0019872086006216703
0.0020676499931141733
0.0021135237999260425
0.002139193192124367
0.002010229404550046
0.0019898282014764847
0.002026106999255717
0.002000729809515178
0.0021704404032789172
0.0020271369954571127
0.00206904400838539
0.002008986996952444
0.0020252096001058817
0.0019824415910989048
0.0019623461994342506
0.002004019997548312
0.002131161605939269
0.0019833286060020328
0.0019797638058662416
0.002001634205225855
0.0019876618054695426
0.0019875932019203903
0.002099708199966699
0.0019805339979939163
0.0019011968048289417
0.0020048706093803046
0.0020547752035781743
0.002078314602840692
0.001974655000958592
0.0019791939994320273
0.002026329399086535
0.002028172404970974
0.0020313224056735637
0.002013753994833678
0.002035403600893915
0.001979153195861727
0.0019802902010269464
0.0019919296028092504
0.0020080189919099213
0.0019442260032519697
0.002004253398627043
0.0019909241935238244
0.0019747688085772095
0.0020004105987027287
0.0019858767976984383
0.0019731992040760817
0.0020046915975399314
0.0020021039992570875
0.001981684996280819
0.0019785359967499972
0.0019935006042942406
0.001995213597547263
0.0019740998046472668
0.0019978989963419735
0.002152031601872295
0.0020027466001920403
0.0020190892042592167
0.0021598033956252037
0.001989434799179435
0.0020695253973826767
0.001999152800999582
0.0020812036003917457
0.001972639199811965
0.002035481797065586
0.0019868973991833626
0.001994998601730913
0.002001177391503006
0.002028709196019918
0.0020089944009669125
0.0019968988024629654
0.0019813547958619894
0.0020678221946582196
0.0021513325977139176
0.0019561796099878846
0.001958433201070875
0.002995527209714055
0.002012721402570605
0.0019434917951002717
0.0020168101997114717
0.0020065794000402094
0.0019380519981496036
0.002082453400362283
0.0019895181991159915
0.0019662364036776127
0.0020372004015371203
0.001957179803866893
0.0020564045989885926
0.002168014389462769
0.002047209395095706
0.00227764860028401
0.001944334793370217
0.0020601077936589717
0.0020151984062977135
0.0019940469996072353
0.00204824359389022
0.0020003185956738887
0.002048265200573951
0.0020124743925407527
0.0020204545930027963
0.0019800794078037144
0.0020729599986225367
0.0019774821936152875
0.0020003236015327273
0.002004014200065285
0.0020053965970873834
0.0020554173970595002
0.0020109876058995724
0.0019803624018095434
0.001992640201933682
0.0019962975988164545
0.001977605395950377
0.002017141797114164
0.001996078994125128
0.0019848722033202646
0.0020269940025173126
0.001987381197977811
0.0019729970023036002
0.002000927797053009
0.0020443425979465245
0.002102205401752144
0.001967043604236096
0.0020380171947181223
0.0020380776026286186
0.002057190996129066
0.0020535168005153537
0.002054793993011117
0.002049777808133513
0.0020724768051877617
0.0020769117982126772
0.002077965997159481
0.0020402610069140794
0.0021094274008646606
0.0020686412113718688
0.0018971732002682983
0.0024016562034375965
0.002114831190556288
0.0018691722070798278
0.0020152301993221046
0.0020200393977575005
0.002027177799027413
0.0023472386063076557
0.0019977579941041768
0.002028533804696053
0.002073259197641164
0.0020914306049235167
0.002111907803919166
0.0020449912059120833
0.0019882214022800327
0.0019733097986318173
0.001974696200340986
0.0020321462070569396
0.0020389287965372205
0.0020033687935210763
0.0020396507927216588
0.0019530338002368807
0.0019711136003024874
0.002027957804966718
0.002033819002099335
0.0020674362080171705
0.0020250897970981894
0.002107884408906102
0.0021852814010344447
0.002168221992906183
0.0021908467984758317
0.0021899936022236944
0.002050434600096196
0.0020004610065370797
0.002024408394936472
0.002036004001274705
0.0020506039960309862
0.002010229404550046
0.001988262601662427
0.0020010190084576605
0.0020393326063640415
0.0020133865997195243
0.0021059251972474157
0.002070088591426611
0.0019802991999313237
0.0020304615958593787
0.002017660194542259
0.002022759395185858
0.0020175656070932748
0.0020347009995020926
0.001973419194109738
0.0020030546002089977
0.0020040580071508884
0.001994763594120741
0.002059657801873982
0.002085136401001364
0.0020731894066557286
0.00200345580233261
0.0020331876003183424
0.0020119777997024356
0.002042835601605475
0.0020328944083303213
0.0021477756090462208
0.0020768560003489255
0.002009462402202189
0.001998115598689765
0.002051160403061658
0.002083998604211956
0.0020959906047210096
0.002004050207324326
0.002018333808518946
0.0021286758012138305
0.0021273019956424832
0.0022333630011416973
0.002038791007362306
0.0020628823898732663
0.0020770404022186994
0.0020613188040442764
0.0019918552017770706
0.002083744399715215
0.001993541605770588
0.0019998029922135173
0.0020798763958737253
0.002081661205738783
0.002070205798372626
0.002047466998919845
0.00216565279988572
0.002260667597874999
0.0020351145998574794
0.00201436240458861
0.002017286396585405
0.0020246597938239574
0.0020653779967688022
0.001970089797396213
0.0020517722005024552
0.0020192228024825455
0.0019682458019815384
0.0019938268000259996
0.0020540070021525026
0.002107853605411947
0.002145858807489276
0.0019603120046667753
0.0019932811963371934
0.0020012452034279702
0.0020168629940599202
0.0021227441960945726
0.0020893569919280706
0.001994631194975227
0.001977995806373656
0.002008744399063289
0.0020402070018462836
0.0019764997996389866
0.0019666810054332017
0.0019995861919596793
0.0020424237940460444
0.0020291288034059106
0.001981942402198911
0.001986918202601373
0.0020035926019772885
0.0019724033889360728
0.0020600186078809203
0.0021656270022504033
0.0022374745924025772
0.002011273999232799
0.0020591473905369638
0.0020250807981938125
0.0021865852060727773
0.0021659531979821623
0.0020255089970305563
0.0022072582039982082
0.0022134769940748813
0.00213169859489426
0.0019949693931266667
0.002011083799879998
0.0020597376045770944
0.0021018766099587085
0.0021080033970065416
0.001996299996972084
0.0019896302022971214
0.002008235000539571
0.0021302117966115475
0.001974644197616726
0.0020007706014439465
0.0020539612043648956
0.0021161361946724355
0.00213269799714908
0.0020394567982293665
0.002121258992701769
0.002053980203345418
0.002161628392059356
0.0019899740000255406
0.0020643220050260425
0.002068486204370856
0.002144230611156672
0.002059468801598996
0.002053371001966298
0.002006051002535969
0.0020747222006320953
0.0020371882012113927
0.002033162396401167
0.002047456195577979
0.0020424572052434088
0.002071949397213757
0.0020194339915178714
0.0019912334042601286
0.0019936594064347444
0.0020339548005722462
0.002102563204243779
0.0020525810075923802
0.0019929064088501035
0.002011946006678045
0.0020014485926367342
0.002039958396926522
0.002029879798647016
0.002091425796970725
0.0021682297927327456
0.002018887992016971
0.0021527579985558985
0.002106909197755158
0.0020007235929369927
0.0019886728026904167
0.0019711107946932317
0.0021259083994664254
0.001987337204627693
0.0020866889972239733
0.0020243639941327275
0.0020056306035257875
0.0020179725950583817
0.0019906328059732916
0.0020720600034110246
0.0020766393980011346
0.0020872816094197333
0.00208685880061239
0.0019727202015928924
0.001944982202257961
0.0020488678012043236
0.0020397766027599575
0.0019786824006587265
0.0020199990016408266
0.0020184510038234295
0.0021203591953963042
0.0020823099999688565
0.0021267467993311582
0.0022055477951653303
0.0021973241935484113
0.0019840796012431383
0.00198758200276643
0.0020547235966660083
0.0020723341964185237
0.00204098760150373
0.002025994996074587
0.0020144498092122378
0.002037651394493878
0.0020851216046139597
0.002115288202185184
0.002157464809715748
0.0021587978000752626
0.0022255694027990105
0.002233589591924101
0.001988187001552433
0.002007588604465127
0.00212169160367921
0.0020190903916954992
0.00197815359570086
0.001969489792827517
0.0020748800016008317
0.0019862460088916124
0.0020184315973892806
0.0020725316018797455
0.002158727392088622
0.0020434032077901064
0.002030381199438125
0.0020668320008553564
0.0021185552002862098
0.0021124431979842482
0.0020823974045924842
0.0020963552058674397
0.002110779203940183
0.0021302194101735948
0.0021599628031253814
0.0020776741905137895
0.0022110581980086864
0.0021432400099001825
0.001974057196639478
0.001981703599449247
0.001982457796111703
0.0019792341976426543
0.0020066084107384086
0.0020204234053380786
0.0019620946026407183
0.0019785766024142505
0.0019879833911545576
0.002013423200696707
0.0020111366058699785
0.0020456254016608
0.001973732397891581
0.0019846179988235236
0.002069472998846322
0.0020302610006183385
0.0019596349913626908
0.0020025243982672693
0.002094834193121642
0.002032256999518722
0.0020390488090924917
0.0020463614026084544
0.002103854401502758
0.0020991972065530717
0.0020248890039511027
0.001980490400455892
0.002008737402502447
0.0020269895903766155
0.002036275598220527
0.0020058930036611854
0.001978623599279672
0.001970309193711728
0.002047375391703099
0.002073986199684441
0.0021079746074974537
0.0021052067982964217
0.0020834424067288637
0.002094671397935599
0.0021036410005763175
0.002048105397261679
0.00219898100476712
0.0020875370013527573
0.002213878801558167
0.0020567102008499207
0.002098816400393844
0.0020350423990748824
0.0019977168063633143
0.0019891622010618447
0.0020137534011155367
0.0020918222027830778
0.002105863206088543
0.002282384200952947
0.0022438989952206613
0.0019795921980403364
0.002032879402395338
0.0021200565970502794
0.0020741910091601314
0.0020686642033979296
0.002023024600930512
0.002192991191986948
0.0021883207955397666
0.0020902534015476704
0.002184421999845654
0.002004291000775993
0.0022048101993277667
0.0019800134003162386
0.0021093336050398647
0.002003015810623765
0.002015114005189389
0.0020195405930280687
0.0020261705969460307
0.0020442359964363277
0.0019938400015234946
0.002013215993065387
0.002045276004355401
0.0020724348025396465
0.0022159265936352313
0.001994729193393141
0.00202973079867661
0.002004051802214235
0.002034778206143528
0.002042972401250154
0.002106676995754242
0.002055413799826056
0.002076300804037601
0.0021058009937405587
0.002090513601433486
0.0022434012033045294
0.001963197800796479
0.0020069737918674948
0.0019797855988144875
0.0019938901998102663
0.002061453997157514
0.0020726685994304716
0.002019776403903961
0.002026146394200623
0.0020477336016483604
0.002041909610852599
0.002122219605371356
0.00214739260263741
0.002024377800989896
0.001982680999208242
0.0020507022039964796
0.0021472156047821047
0.002118517400231212
0.0021333797951228915
0.002263862802647054
0.0022591996006667615
0.0019974127993918956
0.0021171636064536868
0.002027112594805658
0.0021091482019983234
0.002028030005749315
0.0020332957967184482
0.002045547601301223
0.002027579594869167
0.001995151408482343
0.0020186831941828133
0.0020356841967441143
0.0020699169952422382
0.0020525424042716622
0.0021827340009622277
0.002180779993068427
0.002233651198912412
0.0022185736102983355
0.0022647892008535566
0.0023468942032195627
0.0021725242026150227
0.001973608206026256
0.0020347730023786426
0.002315144194290042
0.0020461452077142894
0.002064409398008138
0.0020610457984730603
0.0021539755980484188
0.002039689803496003
0.0020137614104896785
0.0020632493891753257
0.0020021167933009566
0.0021848325966857375
0.0020763006061315535
0.002000619005411863
0.0020519933896139264
0.0020348828053101896
0.00209125840337947
0.0021204402088187634
0.0019758590031415226
0.002043601393233985
0.0020513724070042373
0.002058571798261255
0.002082071197219193
0.0021205835975706576
0.002017064800020307
0.001983968389686197
0.00210945539874956
0.0020413212012499573
0.001990198192652315
0.0020071838051080705
0.004934329201932997
0.0021806878037750723
0.002080585004296154
0.0018772701965644955
0.0021713037975132467
0.002315425593405962
0.002000346593558788
0.002043291204608977
0.0021061673993244766
0.002013031207025051
0.002018124400638044
0.0021294375997968017
0.0020832916023209693
0.0021264211973175406
0.002035972604062408
0.00201271380065009
0.0020412281970493495
0.0020818552002310753
0.0020709602045826613
0.0021397290052846073
0.0019811398000456394
0.002266151399817318
0.0020322879892773925
0.0021385625936090947
0.0020090981968678536
0.0020613852073438467
0.002006608201190829
0.0020253335940651597
0.002007254003547132
0.002082124608568847
0.002056509198155254
0.002065955405123532
0.0019865680020302533
0.002029081608634442
0.0020407431991770865
0.0020487045985646546
0.0020104524097405373
0.002097511198371649
0.002011549600865692
0.0019838063977658748
0.0020308080012910066
0.0020218580029904842
0.0021314924000762404
0.002151864196639508
0.0019623960019089282
0.0020595491980202494
0.0020760393934324385
0.0020678538014180957
0.0019669158034957947
0.0020090337959118186
0.0020142012042924764
0.0020245846011675895
0.002086938393767923
0.0021197522059082986
0.0020366186043247582
0.0021214187960140406
0.001990395202301443
0.0020959625951945783
0.00211030300706625
0.002054150402545929
0.0020268217893317344
0.002017392194829881
0.0021244846051558853
0.0020379780093207956
0.0019874832010827958
0.0020630614017136395
0.0019958010059781374
0.0020386352087371053
0.0020363326068036256
0.0020093796076253055
0.0019832001999020576
0.002000485791359097
0.0020450792042538525
0.0019931313931010664
0.0020211974042467773
0.0020498365978710354
0.001956075197085738
0.0020081473980098964
0.0020338500034995377
0.002032255195081234
0.0020253599970601497
0.0019916485995054244
0.0020025031990371644
0.0020912061911076306
0.001977835793513805
0.002026045799721032
0.0019785076030530034
0.001892648998182267
0.002115139795932919
0.001976409798953682
0.0019927867921069264
0.0019828584045171738
0.001999901793897152
0.00200401860056445
0.0020095105981454255
0.002030229405499995
0.002015360805671662
0.002055316395126283
0.0020499277976341545
0.0020612903987057506
0.002055942011065781
0.0021163724013604224
0.0022120593930594623
0.0020769654074683785
0.002061786002013832
0.002132060402072966
0.0021430528024211524
0.002010303002316505
0.002072783000767231
0.0020581355900503697
0.0020255509996786715
0.0020416497951373457
0.0020273120026104152
0.0020317768095992504
0.002051729802042246
0.0020742207998409867
0.0020061210030689835
0.002023764199111611
0.0019993743975646795
0.0021388477995060383
0.0020878968061879277
0.0020631506107747556
0.0021653951960615815
0.0019824609975330532
0.0020027152029797437
0.0020179650047793983
0.0021739664021879434
0.002088188601192087
0.002203436999116093
0.002018177800346166
0.0020546587998978793
0.0019813503953628243
0.0020582527969963847
0.00198719099862501
0.002050550002604723
0.001987457601353526
0.0019789592013694348
0.002025026804767549
0.002028713992331177
0.001987356005702168
0.00199183119693771
0.0021719363983720543
0.002174577792175114
0.0020094246021471916
0.0020449192030355333
0.002009463799186051
0.0021036399994045496
0.0020671671954914927
0.002024152793455869
0.0020107646007090805
0.0020221749902702866
0.0020035131950862707
0.002065916999708861
0.0020474095945246518
0.00205438140546903
0.00203988739522174
0.0020511975977569818
0.002074173407163471
0.0018909020000137389
0.0020791247952729464
0.0020889181992970406
0.0020241218036971985
0.0020129340002313255
0.0020372726023197172
0.002028850791975856
0.0020320983952842654
0.002012209198437631
0.0020161732099950314
0.0021134805982001128
0.002054124802816659
0.0020305598038248716
0.0020590960048139095
0.0020461146021261813
0.0020718707935884597
0.0020661353948526083
0.002112086198758334
0.0022335745976306497
0.0021877288003452123
0.002081603999249637
0.0020752301905304195
0.0020299712079577146
0.001993260008748621
0.002053939399775118
0.002028601395431906
0.002004070405382663
0.0020579654024913906
0.002058104600291699
0.002056011604145169
0.002055157592985779
0.0019852266064845025
0.0020158680039457978
0.0019973446032963693
0.001995096600148827
0.0020245726103894413
0.0020243021892383693
0.002026004204526544
0.002034788392484188
0.002045712398830801
0.0020494846045039593
0.002062903204932809
0.002034522604662925
0.002053077204618603
0.0020561233977787197
0.0020470035960897803
0.002050599595531821
0.0020407186006195844
0.002067831391468644
0.002046898601111025
0.00206559260841459
0.002063832397107035
0.0019638385972939433
0.0019768600002862515
0.002009005798026919
0.0019994608010165393
0.0020479475962929426
0.00198908899910748
0.002052053390070796
0.0021621791995130478
0.002187463396694511
0.0021606698050163687
0.0020521778031252326
0.0022977054002694787
0.0022786792018450797
0.002175193396396935
0.0020894793909974397
0.0020034854067489507
0.0020074830041266977
0.002032102597877383
0.0020261456025764345
0.002036174200475216
0.002021777804475278
0.0019926387933082877
0.002207240997813642
0.002222769591026008
0.00205127380322665
0.0020175726036541163
0.002060997602529824
0.0020644593983888625
0.0020569942076690494
0.001982988207601011
0.002011830406263471
0.0020570497959852218
0.002090659795794636
0.001972348801791668
0.0020033819950185717
0.002001241804100573
0.0020705395960249006
0.0020536595955491068
0.0020218265941366552
0.002075216791126877
0.0019799852045252917
0.0020350545994006096
0.0019775542081333698
0.0020946670090779664
0.00201258099405095
0.0020122164045460523
0.002046745200641453
0.0020308045903220774
0.0020289654028601946
0.0020256564021110535
0.002010334993246943
0.0020436597988009453
0.0021638734033331275
0.002051369799301028
0.002021671994589269
0.002009544591419399
0.00206564599648118
0.00199283619876951
0.002212237799540162
0.0019681607955135405
0.002001505403313786
0.0020396069972775876
0.002021141396835446
0.0020590265979990364
0.002025802992284298
0.0019880652078427376
0.002045374794397503
0.0020627968013286592
0.002111481595784426
0.002371171803679317
0.0020730723976157607
0.0021104445913806558
0.0019833685946650803
0.0020257598021999
0.0020337092108093204
0.0020775429904460905
0.0020924362004734577
0.001985469600185752
0.0020798405981622635
0.0020657663932070135
0.002074078202713281
0.0020516813965514302
0.0020669174031354488
0.002074574795551598
0.00204253300325945
0.0020091960090212525
0.0022622197982855143
0.001974184799473733
0.001999239402357489
0.0022136184037663043
0.001980119792278856
0.001998636405915022
0.0019891788018867374
0.001999206002801657
0.0020857281982898713
0.0020450031966902315
0.0020585339982062576
0.0020827083964832125
0.002058199804741889
0.0020262436009943485
0.002088881202507764
0.0019830529927276075
0.0020258741918951274
0.0020403412054292858
0.0020469330018386247
0.0020146774011664094
0.002018010395113379
0.0020371870021335782
0.0020547977997921406
0.0020970638026483355
0.002096020802855492
0.0021185058052651585
0.002060724806506187
0.0020629753940738737
0.0020211203955113888
0.0021154434070922434
0.0020106910029426216
0.0020815536030568183
0.0020421259920112788
0.0021119661978445947
0.002030678396113217
0.0019829878001473844
0.002111702400725335
0.0022735954029485584
0.0020627921912819147
0.0020440008025616407
0.002014078397769481
0.002018938004039228
0.002021648199297488
0.002031096210703254
0.0020450435928069054
0.002055562799796462
0.002075341599993408
0.002064556209370494
0.0021219852031208577
0.0019753912114538253
0.0020294790039770303
0.0020164781948551536
0.0021047509973868726
0.0020212153904139996
0.00206281419377774
0.002170834597200155
0.0019585348083637653
0.002126496401615441
0.0021228363970294596
0.002028310194145888
0.0020421162014827134
0.0020456189988180993
0.002032175601925701
0.0020392645965330303
0.0020101914065890013
0.0020501001970842482
0.0020530447945930064
0.0021007696050219238
0.002006467408500612
0.002014182007405907
0.0020670011988841
0.0020025625941343605
0.0020008806022815406
0.002069303602911532
0.0020098099950700997
0.0021096028038300576
0.0019765520002692936
0.002000854001380503
0.002001910796388984
0.0019946385989896955
0.002027093805372715
0.0020148099982179703
0.0021711081964895127
0.001971975201740861
0.0021059595979750156
0.001975766406394541
0.0020861132070422173
0.002063271391671151
0.0021402497892268
0.002087522204965353
0.001999588403850794
0.0020417905994690954
0.001962714199908078
0.0020442269975319504
0.0020272117923013865
0.0020306435995735227
0.0020464412053115668
0.0020070248050615192
0.002018084400333464
0.001994930999353528
0.002011317992582917
0.0020059293950907887
0.0019916341989301145
0.0020066882017999886
0.002007516799494624
0.002054497192148119
0.002038916200399399
0.0020969160017557443
0.0020917255897074938
0.0020701310015283523
0.0020353122032247483
0.00205875359242782
0.0020220919977873564
0.0019429777981713413
0.002062626404222101
0.001984875404741615
0.0019890050054527817
0.002017975796479732
0.002024158998392522
0.0019822514033876358
0.0019921247963793575
0.002042387193068862
0.0023437608033418655
0.002021960192359984
0.001994172006379813
0.0019725202000699937
0.00198992220684886
0.0021026961971074344
0.002093270199839026
0.0020834450027905405
0.001985097792930901
0.002013348403852433
0.0019810366095043717
0.002102146204560995
0.0020117545966058968
0.0020537332049570976
0.0020206628018058837
0.002030580199789256
0.0020692371996119618
0.0019845059956423937
0.0019838331965729592
0.002036118402611464
0.0020320376032032074
0.002115528006106615
0.002127638994716108
0.001980246603488922
0.00200215179938823
0.002018512599170208
0.002002281602472067
0.0020419056061655285
0.0020410145982168613
0.0019498941954225301
0.002058257209137082
0.0019886333961039782
