average_runtime 0.002995646679785568
0.0031480315956287086
0.0030642277910374106
0.0029928090050816538
0.003059908002614975
0.0028863192070275544
0.0029651667922735215
0.00299603360472247
0.003012906201183796
0.003054354200139642
0.0030800616019405424
0.002924914797767997
0.002966628991998732
0.002879639598540962
0.002981129998806864
0.0029740307945758104
0.0029091219999827444
0.0029508442035876214
0.0029728548019193114
0.003012081596534699
0.0029966378002427518
0.0030412232037633656
0.0029857998015359044
0.0029574902029708026
0.0029569185920991004
0.0030039318022318184
0.00294807500904426
0.0029918930027633905
0.002997608599252999
0.003000141796655953
0.002951065206434578
0.0029777941992506383
0.0030056955991312863
0.0030164125957526265
0.0028604437946341934
0.003008107200730592
0.002906060393434018
0.002967931202147156
0.002996492001693696
0.003023101994767785
0.0029183201957494022
0.0029779227916151285
0.0029100527986884116
0.00296765579842031
0.0029572315979748964
0.0029241877957247196
0.002946514403447509
0.0029765116050839424
0.0029814706067554653
0.003051113791298121
0.0029475688003003596
0.002925067802425474
0.0030042410013265907
0.003022162592969835
0.0029836648027412593
0.003036980994511396
0.0029328968026675283
0.002957620401866734
0.002968567400239408
0.0030160706024616956
0.0029143122024834155
0.0029736569966189565
0.0029269002028740943
0.003035709401592612
0.0029094693949446083
0.003346680593676865
0.0030577518045902252
0.003016039007343352
0.002951112191658467
0.002929376589599997
0.002996269799768925
0.002974075998645276
0.003006727795582265
0.002959495794493705
0.0030133958091028033
0.002944982808548957
0.002924279007129371
0.003083252196665853
0.0030178689979948104
0.0028868461959064007
0.0030365279992111026
0.0029561115894466638
0.0029491162043996156
0.0028766022063791753
0.0029290364007465543
0.002981597592588514
0.0029463250073604287
0.0031012392020784317
0.0029031259939074515
0.002983506803866476
0.0030043848091736436
0.0029768769978545605
0.0030377777991816403
0.0030129419988952576
0.002934963593725115
0.0030043003964237867
0.003030273201875389
0.002987952798139304
0.0030430288054049013
0.002980814594775438
0.0029864379903301597
0.0030712596024386586
0.0030321481986902653
0.002989265997894108
0.0028925467981025577
0.00299402039963752
0.0029200313962064683
0.002971293800510466
0.0029638800071552394
0.0029185560066252946
0.0030480213928967713
0.0030003919964656234
0.0030972342006862163
0.0029060625936836006
0.0029458087985403834
0.0030118884053081272
0.002994382195174694
0.0029690134106203914
0.0030600273981690406
0.0029599691973999144
0.003008898999541998
0.002943315601442009
0.0029506714083254336
0.0029664950096048416
0.0029522703960537912
0.00295816840371117
0.003018580796197057
0.0030193530023097993
0.0031658443971537054
0.002932177996262908
0.002948236803058535
0.0030035228002816437
0.003076560201589018
0.0029827450052835047
0.0029581047943793236
0.002981193398591131
0.0029672464006580412
0.0029685555957257746
0.0029802044038660823
0.0029733166098594665
0.0029464985942468046
0.0028882308048196136
0.002973486401606351
0.0028907191939651967
0.002994505409151316
0.0029641162022016943
0.002938500593882054
0.0028507714043371378
0.0029760438017547132
0.0029124786029569804
0.0029840631992556154
0.0030293207964859903
0.0029276398010551928
0.0029424551990814506
0.0029144112020730974
0.0028769314056262376
0.0029386078007519246
0.0029979486018419264
0.002893560205120593
0.00299222560133785
0.0029622760019265117
0.0029746123938821254
0.0030571728013455866
0.002916321204975247
0.0029928060015663505
0.003108128800522536
0.002995510399341583
0.002975367789622396
0.0030892387963831424
0.0028834128053858874
0.003032845794223249
0.0029703166102990506
0.0029657440027222037
0.0030686356010846795
0.0028496055980212986
0.002977026195731014
0.0030687696067616343
0.0029543020064011216
0.002967805205844343
0.0029465937986969948
0.003010096400976181
0.0029383037937805055
0.003059827396646142
0.003039861796423793
0.0028852965915575624
0.003004756802693009
0.00305070880567655
0.002964694402180612
0.002953823807183653
0.0031267142039723694
0.0029548933962360024
0.0029732881928794088
0.0030370991909876464
0.0030028107925318182
0.0028747602016665043
0.0029822184005752206
0.0030146577977575363
0.0029063096037134526
0.002917891996912658
0.002921962400432676
0.0029188303975388407
0.002989291399717331
0.002836234599817544
0.002842354995664209
0.0029889735975302755
0.0030269207898527386
0.002899612009059638
0.0029506277991458774
0.0029524859972298147
0.002918419404886663
0.002864446199964732
0.0029279164038598536
0.002995124796871096
0.0030036716023460032
0.0030187132069841027
0.0030697903945110737
0.0030122215976007283
0.0030384145909920337
0.0030416508088819683
0.0030238798004575073
0.0032009109971113505
0.0031386333983391525
0.0030312248039990664
0.00301459280308336
0.0030429984093643726
0.0030266794026829304
0.0031027681892737747
0.003031239798292518
0.002937180397566408
0.003063828800804913
0.0031057915999554097
0.003030696406494826
0.0030485448078252375
0.0030591186019591986
0.003030771401245147
0.0030392276006750763
0.0030769276083447037
0.003020687401294708
0.003021668398287147
0.003032401402015239
0.002976315200794488
0.0029517575982026755
0.002977300598286092
0.0029246245976537466
0.0030371378059498967
0.0029928939999081194
0.0030545647954568268
0.0030237875995226204
0.0030144906020723285
0.003043742198497057
0.0029841115931048988
0.003093187604099512
0.0029138071928173303
0.0035717598046176137
0.0029247858095914126
0.003051449207123369
0.0029757944052107633
0.0029424834065139294
0.002942748402711004
0.003034163801930845
0.003023418004158884
0.003075505804736167
0.00301509581040591
0.0030262671993114055
0.00309678940102458
0.002980312192812562
0.003029235196299851
0.003118861198890954
0.0028835990000516177
0.00295849300455302
0.0029305745963938536
0.0033282666001468895
0.002951416408177465
0.0030586448032408954
0.003008150402456522
0.0030260631931014357
0.0029787215986289083
0.0029963476001285015
0.002867447200696915
0.0028935806010849776
0.003034657798707485
0.0029517340008169413
0.0029385819914750757
0.0030122459982521834
0.0029887279961258173
0.0029369255993515254
0.002959514397662133
0.002972939796745777
0.0029041839996352794
0.003011749195866287
0.0029925392009317875
0.002996157400775701
0.00295001280028373
0.0030298458063043655
0.0030184144037775696
0.0030422718031331898
0.002956166211515665
0.0029327912023290994
0.003068929398432374
0.00315895420499146
0.00303090299712494
0.0030253944103606047
0.0029051001998595893
0.0029441644088365137
0.003036348009482026
0.002966128196567297
0.003028894797898829
0.0029513200046494604
0.0028725583921186625
0.0029466019943356512
0.002957294590305537
0.0030253196018747985
0.0029612332000397146
0.0029267276055179535
0.00302798900520429
0.002923481399193406
0.0029728961992077528
0.0029831447987817227
0.0029497912037186325
0.0029434965923428535
0.002984036400448531
0.0030047846026718616
0.003041424602270126
0.0029813010012730958
0.002980828401632607
0.0029863146017305555
0.002995535999070853
0.002968109201174229
0.0029281444032676516
0.002969975199084729
0.002980614802800119
0.0030370524036698043
0.0029326734016649424
0.002919308596756309
0.002948449202813208
0.002931448200251907
0.0029081023996695874
0.0030009978101588784
0.0030014827963896094
0.002966055599972606
0.002985656599048525
0.003095283010043204
0.0029567042016424238
0.0029368337942287325
0.0030369082000106574
0.003140246798284352
0.0029759336030110717
0.0030081778066232802
0.002973138599190861
0.0029410552000626923
0.0029182731988839803
0.0028671583975665273
0.0029205695958808065
0.002886124001815915
0.002993470604997128
0.0030725055956281723
0.00483874820638448
0.0029327494092285635
0.0030331674031913282
0.003016388393007219
0.002954702405259013
0.0030403392040170727
0.0029643830028362574
0.003035191190429032
0.0029246432008221746
0.0030732369981706143
0.0029055405990220605
0.0029599830042570828
0.0029268969898112117
0.002978797408286482
0.003020286199171096
0.0030039725941605868
0.0029727383982390164
0.0029451785958372056
0.0030354597955010833
0.002994268201291561
0.0030389710096642374
0.002943487197626382
0.002959505200851709
0.0029749492066912355
0.003009011608082801
0.0029633481986820697
0.0029799000010825695
0.003022451198194176
0.0029659866006113587
0.0029252746026031673
0.002971225802320987
0.0029717544093728065
0.002962546399794519
0.0029489576001651583
0.0030151517945341765
0.003001566999591887
0.002970749803353101
0.003026462602429092
0.0029453975963406264
0.003008283604867756
0.002963500004261732
0.0029511416098102925
0.002981150196865201
0.003010956000071019
0.0029539122013375165
0.0029869324062019587
0.002982923400122672
0.0029460579971782863
0.0028366934042423964
0.0029893747996538877
0.0030876750010065735
0.0030181393958628178
0.0030344633967615666
0.0030116594047285617
0.0029963804059661924
0.003086126607377082
0.0030370134045369923
0.003054844797588885
0.002989282598719001
0.0030783148016780616
0.0029968268005177378
0.002979197003878653
0.0030461672111414375
0.0031372881960123776
0.0030363300000317396
0.0030521927983500063
0.003017262206412852
0.003036734601482749
0.0029571637976914646
0.0030370860011316838
0.003030764195136726
0.002959431998897344
0.0029510420048609377
0.0030884513980709016
0.003052430599927902
0.0029790885979309677
0.0029153481940738858
0.003043445199728012
0.002979334001429379
0.0030129170045256615
0.002935882203746587
0.0028966229991056027
0.002892051404342055
0.002945402404293418
0.002904926403425634
0.0029719496029429137
0.003051431803032756
0.003031684400048107
0.0029556394089013337
0.0029384562047198417
0.0029298129957169294
0.0029176661977544428
0.002964773797430098
0.0029503682046197353
0.003059350803960115
0.0030072991969063876
0.0030327424057759343
0.0029429713962599636
0.002997850999236107
0.002961388404946774
0.0029270985978655517
0.0030025303945876657
0.0029608223936520516
0.0031105729984119536
0.0029191141948103905
0.0029427502071484924
0.0029878746019676326
0.0029250368010252715
0.002898642001673579
0.0036128920037299395
0.002989206602796912
0.0029302828013896944
0.0029478123993612825
0.003078307397663593
0.002987364795990288
0.0029327544034458697
0.0030208008014597
0.0029545313911512492
0.0029860103968530893
0.002871158591005951
0.0028633040026761593
0.0030344548053108157
0.002915844996459782
0.002907132206019014
0.003074016002938151
0.0030049908091314137
0.0029736171942204236
0.003094839595723897
0.0029425843968056142
0.0029144046013243495
0.0029523588018491864
0.00305724679492414
0.0029454406001605095
0.0030422496027313175
0.0029326665913686155
0.0028948386083357037
0.0029295534011907877
0.0033116812002845107
0.0030361296026967465
0.0028847543988376858
0.0030006114044226705
0.0029984576045535504
0.0030177331995218993
0.0030292812036350368
0.0029926110059022904
0.00305944059509784
0.0029643198009580373
0.002983006602153182
0.0029937754035927354
0.0029916484025307
0.0028812493896111847
0.0029142456012777986
0.002959546400234103
0.002989913197234273
0.0029450785950757563
0.0030146324075758456
0.0030169871984981
0.0029413098003715278
0.002945753396488726
0.003011955798137933
0.002953434397932142
0.002900453598704189
0.0030307453940622508
0.003024600993376225
0.00290046640438959
0.002911679004319012
0.003016572003252804
0.0029349872027523817
0.002927568205632269
0.0029294108040630817
0.0029508359963074326
0.002853222796693444
0.00291097640292719
0.0029082725988700984
0.0030844839988276363
0.0029834166052751243
0.002967828803230077
0.0029199673910625277
0.0029706583940424026
0.002956100006122142
0.0029387113987468182
0.0029971036012284456
0.003010536194778979
0.002874738199170679
0.0029900365974754096
0.002881141600664705
0.003080385399516672
0.0029666529968380927
0.0030220524058677256
0.0029548602062277494
0.002950444398447871
0.0029846397927030923
0.003001667803619057
0.0029550890089012683
0.002978137193713337
0.002930130995810032
0.0029500248027034106
0.0030611144029535353
0.002884260204154998
0.0029500910080969335
0.0032457086024805905
0.0029681110056117175
0.003036773798521608
0.00297039340948686
0.0029974258039146663
0.0030196303967386486
0.0030621103942394257
0.0029782283934764566
0.0029711936018429696
0.002967238996643573
0.0029271685983985663
0.002946819004137069
0.00299375579925254
0.0029749615932814777
0.002968438796233386
0.0029845093959011137
0.0029790386091917754
0.002931536000687629
0.0029856343986466526
0.002981649409048259
0.0029261391959153117
0.0030547261936590075
0.002872347191441804
0.0030690542072989045
0.003030428395140916
0.0029825443984009326
0.002875327807851136
0.0033195583964698017
0.003109974192921072
0.003023181005846709
0.002972718398086727
0.003038893605116755
0.0030585820088163016
0.00312764800619334
0.003027258196379989
0.0029962380067445338
0.003134793590288609
0.003092039399780333
0.00310108819976449
0.002969635999761522
0.003000537201296538
0.0030589336063712837
0.00306117880390957
0.0029182087979279458
0.0029893517959862946
0.0029625197988934816
0.002975684392731637
0.0030047515989281236
0.0033818270079791547
0.0030314108007587492
0.0029317532083950938
0.0030786784016527237
0.003089561406522989
0.0030424730037339033
0.0029505242011509834
0.0030000517959706484
0.0029801687924191356
0.002958102605771273
0.002945587190333754
0.002846422407310456
0.00306698780041188
0.002980971790384501
0.002967469801660627
0.002995524404104799
0.002946370793506503
0.0029155083931982516
0.003040015394799411
0.0030610702000558377
0.003016525192651898
0.003055547398980707
0.0030689324019476773
0.0029178651981055736
0.0030440928065218033
0.0029428891954012214
0.002968773595057428
0.0029293601983226836
0.00292788059450686
0.0029765555984340606
0.002997536596376449
0.0029553579981438814
0.002989244007039815
0.0030334161943756043
0.003049945388920605
0.0028676489950157703
0.0029193209949880837
0.0032814205973409117
0.002910434000659734
0.002940688002854586
0.002942647004965693
0.003089247201569378
0.0029735288000665603
0.0030113396001979708
0.0029724178020842373
0.0029996723984368145
0.0030389450024813414
0.003004006203263998
0.002952635195106268
0.003020655200816691
0.0029666246031410993
0.0030069596017710865
0.003035666001960635
0.003018426802009344
0.002945984003599733
0.0029975675977766516
0.003052380192093551
0.0029851711937226356
0.003015727398451418
0.002949079789686948
0.002868607803247869
0.00300085439812392
0.002945518190972507
0.0029571490013040602
0.0029006962082348763
0.0030239677987992765
0.002959774003829807
0.0029604875948280097
0.002918721397873014
0.0030242435983382165
0.002978066203650087
0.0030465771909803153
0.003017400996759534
0.0030549301998689772
0.0029819429968483747
0.0029958238010294735
0.0029211511951871215
0.0029703403939493
0.0030572022078558803
0.003009673592168838
0.003007239196449518
0.0029311466030776502
0.002954595803748816
0.002986641402821988
0.0029370352043770255
0.0029765015933662653
0.002826592803467065
0.0029454938019625844
0.003008349402807653
0.0029618116095662117
0.0029511592001654208
0.003052275604568422
0.003089542593806982
0.003038855001796037
0.0029683070024475455
0.0029448274057358504
0.0029636868042871357
0.003013960807584226
0.0029905022005550564
0.003097685403190553
0.002965034800581634
0.0029582530027255417
0.002968107396736741
0.0028895446099340915
0.0029952018056064846
0.0029896262101829054
0.0029814593959599732
0.003072857193183154
0.003086739999707788
0.002893665398005396
0.0030111341970041395
0.002971502998843789
0.002988738601561636
0.00305501640541479
0.003070831601507962
0.0030535358004271985
0.002950471395161003
0.002837119600735605
0.0029980867984704673
0.0029141056002117693
0.003010762599296868
0.00295508720446378
0.0030661300057545303
0.0029289241996593774
0.0029438364086672663
0.0030316447955556214
0.0029832336003892124
0.0033682805951684713
0.00299254700075835
0.0029103655950166287
0.003068563004489988
0.002948923397343606
0.0029487526044249535
0.003007686999626458
0.0029690891969949007
0.0029873193940147757
0.0030084843980148434
0.003013740200549364
0.0029783091973513364
0.003006252599880099
0.002944710000883788
0.003080955205950886
0.0030354773974977435
0.0030284377979114653
0.002950422407593578
0.0030158138019032777
0.002966093202121556
0.003048838407266885
0.0029279590002261103
0.002962791791651398
0.0029310357989743353
0.0031248332001268865
0.003032718796748668
0.003061829798389226
0.0029866716009564697
0.0029458155971951784
0.0030157529981806874
0.002961428405251354
0.003047404601238668
0.0028929181979037823
0.0029432769981212912
0.0029822384007275105
0.0030151951941661537
0.0029875340056605636
0.0029453251976519824
0.0030091841937974094
0.002974887995515019
0.0028983367956243455
0.0029616095940582453
0.0030065587954595683
0.002882614603731781
0.0029556983965449033
0.0031099227955564855
0.0029782722005620597
0.00304908100515604
0.003062959399539977
0.0030677734059281645
0.0031604863936081527
0.0030583870015107096
0.0030065850005485117
0.003032453404739499
0.0030331591959111394
0.0029490079963579775
0.002931697596795857
0.0029998839949257673
0.003132133395411074
0.0030879716039635243
0.0031147259986028077
0.0030422025942243637
0.0030590018024668096
0.0029792581917718053
0.0029992640018463137
0.0031158385914750396
0.003072361391969025
0.0030515338061377407
0.0030378852039575576
0.0030545508023351433
0.0029671138036064804
0.0030822947970591485
0.003007927804719657
0.003009141399525106
0.003001754602883011
0.002963528607506305
0.0029505628044717014
0.003135123394895345
0.0030580063932575284
0.0030857034027576445
0.003030350198969245
0.0031336999963968992
0.0030619036057032644
0.0030791659955866635
0.0030388266080990435
0.003102941601537168
0.0031498912023380397
0.00312204520450905
0.0030005450011231006
0.0030774323968216777
0.0029931499972008168
0.0029833649983629583
0.003006014204584062
0.00301107739796862
0.0030940018012188377
0.0030027330038137736
0.0029159866040572523
0.0030309929978102447
0.0030065800063312055
0.0030103247961960735
0.002983537991531193
0.002903864998370409
0.0030568027985282244
0.0030519127962179483
0.0029619430075399577
0.0029429962043650447
0.002932326204609126
0.00298103999812156
0.003043589403387159
0.0029193016001954676
0.0029531119973398743
0.0029354288009926675
0.00290484600700438
0.0029300551977939904
0.003029872803017497
0.002988301403820515
0.002991516795009375
0.0029866757919080555
0.0029476060066372157
0.0030206343973986803
0.003017974796239287
0.0031263777986168862
0.0029533584020100534
0.002989682601764798
0.0029438870027661324
0.0030325929983519018
0.0029276043991558255
0.0029403761960566043
0.0030581556027755143
0.0029435398057103155
0.002978603797964752
0.0030838456004858017
0.0030180376023054125
0.0030290322029031813
0.0029898242093622683
0.003008533804677427
0.003029180597513914
0.0030900294077582657
0.0029346382012590765
0.0030112495995126666
0.002979565400164574
0.0030578908044844866
0.0029860898037441077
0.0029319808003492654
0.0030072649940848352
0.0029489489970728755
0.0029627464013174177
0.0030098583898507058
0.002960714395157993
0.0030515579972416164
0.0029552640044130385
0.0029864297946915032
0.0029456224059686066
0.0031160554033704104
0.0030027149943634866
0.0030239623971283435
0.002951560402289033
0.0029424351989291607
0.0030038468074053528
0.0029876073938794436
0.0029548541991971434
0.0030120083945803346
0.002970127202570438
0.0030734552070498466
0.00512280740076676
0.0030107892001979054
0.0029376845923252404
0.0030026872060261666
0.0030211975914426147
0.0030558768077753483
0.0030087410006672142
0.003056711202953011
0.003030711994506419
0.002928488003090024
0.003009892802219838
0.0030003116000443695
0.002974038803949952
0.0030335172079503534
0.0030058645992539824
0.0029182609985582532
0.0029297137982212005
0.0029765625949949026
0.0029680988052859904
0.002967996196821332
0.002975019405130297
0.0030025455984286965
0.002971326594706625
0.003131423203740269
0.0029576812055893244
0.002912318205926567
0.0030687629943713544
0.0029511253931559624
0.003167656005825847
0.002975956606678665
0.0030226912000216543
0.0031024044030345975
0.0030051481910049914
0.0030335782095789908
0.003067500609904528
0.0029863658011890946
0.0029769866028800606
0.002965202403720468
0.00297709119040519
0.0030337839969433846
0.002359739399980754
0.003001268196385354
0.002970089402515441
0.002935054793488234
0.002950909407809377
0.003134761401452124
0.0029105722089298068
0.002980715001467615
0.0029248261940665542
0.002948232204653323
0.0030074137961491943
0.002923006995115429
0.0030625508050434293
0.0029340653913095594
0.0029406109941191973
0.0030283524072729053
0.002969184401445091
0.003000021004118025
0.0030023781931959093
0.0028471937985159457
0.0029327744035981596
0.0029338472057133915
0.0030618026037700476
0.0031757672084495427
0.0028974059969186783
0.0029647057992406188
0.0029750293935649095
0.00304506600368768
0.0030264895991422235
0.003018660005182028
0.0029915430000983178
0.0030518541927449403
0.003076024597976357
0.002947889594361186
0.0030561061925254763
0.0029943244066089393
0.0030248316004872324
0.0029859761940315365
0.0028783024055883287
0.0029861996066756547
0.0029062906047329306
0.0029778416035696866
0.002999589196406305
0.0029790487955324353
0.0029353590100072323
0.0030105234007351102
0.0029297702014446257
0.0030147289973683654
0.003021749993786216
0.0028813697979785504
0.002974942198488861
0.002998161199502647
0.0030876648030243813
0.0029699269914999606
0.0030343103921040893
0.0029540103976614775
0.0030194991966709496
0.0030618645949289204
0.00298254779772833
0.0029775479924865067
0.0029499851982109247
0.003070876793935895
0.0030352105968631804
0.002998829400166869
0.002915553795173764
0.0029606658034026625
