average_runtime 0.002016053659492172
0.002126603410579264
0.0020416477927938104
0.002031760395038873
0.002069013600703329
0.0019490992068313061
0.0019776945933699607
0.002026401401963085
0.0020358177949674427
0.0020427601994015276
0.0020773864001967014
0.0019351750030182301
0.0020013654022477565
0.0019409407977946103
0.00200736679835245
0.0019928558031097054
0.001911591598764062
0.0019468915998004377
0.0019807532080449164
0.002034701802767813
0.0019712473964318632
0.002015567000489682
0.0020075085922144353
0.001982929208315909
0.0019795066094957293
0.002035496803000569
0.0019517180044203997
0.0019936477998271584
0.002012676594313234
0.0020425539929419755
0.0019735036068595944
0.001968534605111927
0.001992076204624027
0.0020435704034753146
0.0019024103996343911
0.001991447398904711
0.0019214922096580267
0.001990394201129675
0.0020824291976168753
0.0020491241943091155
0.0020345796016044914
0.0020414430066011844
0.0019891489995643497
0.002025583805516362
0.0020329392049461604
0.001968147000297904
0.0020322846015915275
0.001979659602511674
0.0020271094050258397
0.0020861495984718205
0.0020058713969774546
0.0019996269955299796
0.002035021793562919
0.0020547847962006927
0.002038669399917126
0.002066388400271535
0.00200832299888134
0.0020149572053924205
0.0020355185959488155
0.002043184998910874
0.0020043479977175593
0.0020708005991764366
0.0020018980023451148
0.002141766203567386
0.001984751201234758
0.0020873705972917376
0.00211906679905951
0.0020215959986671804
0.0020002297940663995
0.001995227800216526
0.0020067094010300934
0.0020226953900419177
0.0020488601992838086
0.0020039643975906076
0.0020234131952747703
0.001979111798573285
0.001968796004075557
0.0020805755979381503
0.002007322199642658
0.0019171324092894793
0.0020365483942441642
0.001994974003173411
0.0019774646032601597
0.0019221746013499796
0.002024469792377204
0.002011602802667767
0.0019838448031805457
0.002087445405777544
0.0019566670060157778
0.0019752649939619006
0.0020475981989875438
0.0020056497887708247
0.0020094056031666695
0.00199565360089764
0.0019638546044006945
0.0019634683965705337
0.002007204608526081
0.0019908793969079853
0.001987276808358729
0.001973914203699678
0.0019668954075314103
0.0020633199950680138
0.002029348793439567
0.002013748791068792
0.001893354405183345
0.0019909013994038106
0.0019354096031747759
0.0019890232011675834
0.0019715506001375615
0.0019190352060832084
0.0020187464077025654
0.0019734883913770317
0.002039670804515481
0.0019602669985033573
0.0019857284030877055
0.001987239602021873
0.0020424886024557054
0.001981723797507584
0.0020412829937413333
0.0020335325971245766
0.002039667405188084
0.002011245605535805
0.001965520600788295
0.0020270959939807653
0.0020103367976844312
0.002027360606007278
0.0020739624043926595
0.002024698001332581
0.00211394700454548
0.001992020197212696
0.0020014734007418157
0.0020174312056042256
0.002104549400974065
0.0020709848031401634
0.002054591802880168
0.0020410720026120543
0.002003714605234563
0.002017198200337589
0.0020175845944322645
0.0020224723964929582
0.002013723796699196
0.0019651993992738427
0.00202679120702669
0.001971322996541858
0.0020283018006011845
0.0020047171972692015
0.002046489401254803
0.0019025193993002175
0.0020805110107176006
0.0019539086031727495
0.0020443755900487305
0.002075137000065297
0.0019938078010454776
0.0020166308037005364
0.0020132803940214215
0.0019737389986403285
0.0019860562053509055
0.0020283885998651384
0.0019675403949804605
0.002068197203334421
0.00200104839168489
0.0020170344039797785
0.0020677724038250743
0.002040656190365553
0.0020362582057714463
0.0020441447966732086
0.002013814204838127
0.0020606757956556977
0.0021222808049060405
0.001988964399788529
0.00209027900127694
0.0020232414011843503
0.0020483240019530057
0.002088377997279167
0.0018779812031425535
0.002073579200077802
0.002127207804005593
0.002022802201099694
0.0020546646090224387
0.0019878603983670474
0.002000737003982067
0.001992021000478417
0.002073354402091354
0.0020239614066667857
0.0019190712017007172
0.0020131384022533893
0.002438920398708433
0.001996154396329075
0.0019999123993329703
0.002115447400137782
0.0020070697995834053
0.00202212039148435
0.00202702620299533
0.0019886167952790855
0.0019180279923602939
0.0019598664017394184
0.0020297773997299375
0.001951998204458505
0.0019940890022553505
0.0019722388009540738
0.0019599330029450358
0.002042914810590446
0.0019160742056556046
0.001933634199667722
0.0021274302038364113
0.0020614263950847088
0.001954920997377485
0.0020135552040301263
0.0019785912008956075
0.0019485685974359513
0.0018863042001612484
0.0019223434035666287
0.001999875996261835
0.0020111046032980084
0.002023356407880783
0.002100824797526002
0.002043154404964298
0.0020153066026978193
0.0019894006079994144
0.002028344408608973
0.002142933988943696
0.002035501599311829
0.001986336603295058
0.001976151193957776
0.0019925949978642165
0.0019724810030311347
0.0020213247975334526
0.001999916008207947
0.001932123803999275
0.001975453400518745
0.001993357203900814
0.0019387851934880018
0.0019935999996960165
0.002010626997798681
0.001995767804328352
0.001968197803944349
0.0019748585997149347
0.0019507004064507783
0.0019446513964794577
0.0019489175989292561
0.0019370364025235176
0.0019465071964077652
0.0019410728011280299
0.0019116995972581208
0.0020090680103749038
0.0019561183988116683
0.001990354806184769
0.0019653609953820704
0.0019527619937434793
0.0020258974051102995
0.001946739200502634
0.0020078781992197035
0.001877024199347943
0.001947381196077913
0.0020076675922609867
0.0021184175973758103
0.0020722573972307146
0.0020131521974690258
0.0019870040006935595
0.0020316821988672017
0.0020350734004750846
0.002055404405109584
0.0020979178021661936
0.0020937717985361815
0.0021113826078362763
0.0020561413955874743
0.00205777840455994
0.0021215668064542116
0.0019459925941191613
0.001971147593576461
0.001944573991931975
0.001992656197398901
0.001956227805931121
0.002044773392844945
0.00198779619531706
0.001981168205384165
0.001967405597679317
0.001968296803534031
0.0018693836056627334
0.0019099375931546092
0.0020413939957506953
0.0019477297901175916
0.0019514910061843693
0.001980739599093795
0.0019410770037211478
0.0019627294037491082
0.0019933696021325886
0.0019847726100124417
0.0019141691969707607
0.0020151395932771266
0.0019911507959477605
0.0020155301899649203
0.0019636053941212593
0.0019841888104565443
0.002003972209058702
0.0020363267976790667
0.0019700321950949728
0.0019266924005933105
0.0019994303933344782
0.0020580442040227355
0.002018875000067055
0.0020552659989334643
0.001951567200012505
0.0020085613941773772
0.0020860709948465226
0.00201368760317564
0.002060204790905118
0.0020146289956755937
0.0019377900054678321
0.0020004651974886655
0.002020818600431085
0.002074031205847859
0.002021068602334708
0.001997292204760015
0.0020476884092204273
0.0019716472015716136
0.0019935554009862244
0.0020558318006806075
0.001993739395402372
0.00203021839261055
0.002071512001566589
0.002049887797329575
0.0020606972044333815
0.0020315631991252303
0.002050021791364998
0.002010072604753077
0.0020411239936947824
0.0020680968067608775
0.0019964609993621705
0.001998026599176228
0.0020171846030279995
0.002078866201918572
0.0019808632088825105
0.001963124389294535
0.0020075398031622173
0.001962708996143192
0.001968774595297873
0.002026092808227986
0.002035792195238173
0.002005440997891128
0.0023316335980780424
0.0021794922067783773
0.0020304842037148774
0.001978383806999773
0.0020579666015692055
0.002063251193612814
0.0019954122020862997
0.002059820806607604
0.002048952202312648
0.002048956009093672
0.0019942971994169056
0.001948582602199167
0.001988266396801919
0.0019452197942882777
0.00201911999611184
0.002055862999986857
0.0019964725943282247
0.0019317714031785727
0.0019961833953857423
0.0019901587977074085
0.0019667297950945795
0.002043080609291792
0.0019785913988016545
0.0020176319987513123
0.0019427849911153316
0.002044800599105656
0.0020199791993945836
0.0020174556062556802
0.0020057935966178776
0.001965519203804433
0.0020177069935016336
0.0020323151955381038
0.001990949606988579
0.001979357993695885
0.0020514137926511467
0.0020234541967511176
0.0020268189953640105
0.001972056191880256
0.001954270002897829
0.001991937798447907
0.0019964574021287262
0.001971913396846503
0.0020094764069654046
0.0020972362020984293
0.0020278836018405855
0.002032578398939222
0.0020297284005209803
0.0019850921933539213
0.0020045342040248214
0.00201133880764246
0.002055439993273467
0.002061672601848841
0.0020124885952100156
0.0020571792032569648
0.002015729993581772
0.0020740733947604896
0.0019918206031434237
0.0020271510002203286
0.002026765595655888
0.0020702134002931415
0.002027861401438713
0.002057771594263613
0.0020108885946683586
0.001978391199372709
0.0018765018088743091
0.0020398161956109106
0.0020665019983425736
0.001976666389964521
0.001977341598831117
0.001997929799836129
0.001986900600604713
0.0020205775974318383
0.001982599403709173
0.001990003394894302
0.001965645991731435
0.002012441400438547
0.0019081386039033533
0.0019683251972310244
0.001989746803883463
0.002050805406179279
0.0019704038044437767
0.0020428235991857948
0.001991047593764961
0.0019957397948019207
0.001975688606034964
0.0020015253918245434
0.0020372991915792228
0.0020002473960630597
0.0019552291953004895
0.0020164511981420217
0.0020131948054768144
0.001977152400650084
0.0019408112042583526
0.0020027442020364105
0.0019673356087878346
0.0020307094091549516
0.001960584195330739
0.0019067788030952214
0.0019182719988748431
0.0019471963983960449
0.001905443600844592
0.001961956196464598
0.0020431621931493284
0.0020360967959277333
0.0019514017971232534
0.0019557091989554467
0.0019752630032598972
0.001951396802905947
0.001983916200697422
0.0019799925968982278
0.0020406030002050103
0.002021817595232278
0.0020379972062073647
0.001978448603767902
0.0020173074095509945
0.0019594724057242275
0.0019856094033457337
0.0020150269963778557
0.001970304793212563
0.0020796902012079955
0.0019805926014669238
0.002275062201078981
0.0019813004066236315
0.0019608767936006187
0.0019232822000049055
0.001981427799910307
0.001995379407890141
0.001963882602285594
0.001967083604540676
0.001997402997221798
0.0019740000017918645
0.0019435990019701422
0.0019807203905656936
0.0019924803986214102
0.0020141570013947783
0.001911952404771
0.0018963166046887636
0.002008238190319389
0.0019485129974782466
0.0019420409924350678
0.0020499513950198887
0.0020103198010474445
0.0020209740032441914
0.0021035327925346793
0.0019601274048909544
0.0019285286078229546
0.001985176804009825
0.002037042402662337
0.00197289960924536
0.0021368992049247025
0.002036506007425487
0.0019631856004707514
0.002034649404231459
0.0020561969955451786
0.0021004040027037263
0.00196804238948971
0.002086424606386572
0.002046488202176988
0.002126114605925977
0.002058969810605049
0.00205533760599792
0.0021267196047119797
0.0020068609970621764
0.0020482819993048905
0.002076367603149265
0.002056230790913105
0.002008376398589462
0.0019979043980129065
0.0020509651978500186
0.0020306758000515402
0.00201969820773229
0.0020647790050134065
0.0020940107991918922
0.002044566604308784
0.0020715621998533607
0.002057087002322078
0.0020348895923234522
0.0019619519938714803
0.0020828309934586287
0.002052207791712135
0.001974900404457003
0.001958994602318853
0.002036095189396292
0.0020120669971220194
0.002016298403032124
0.002026257000397891
0.0020313419983722268
0.0019818803993985057
0.0020425951923243703
0.0019952189992181956
0.0021196614019572736
0.002026754408143461
0.0019985802005976438
0.0020038390066474676
0.0020550368004478513
0.002026478399056941
0.0020138642052188517
0.0020739187952131034
0.002058061002753675
0.0019704918027855455
0.0020621019997633994
0.0019835156039334834
0.0020857192110270263
0.0019864354049786924
0.002050170209258795
0.0020312317996285857
0.0020313743967562913
0.0020754699944518507
0.002096493192948401
0.002042633597739041
0.002020483592059463
0.002056378393899649
0.002048906998243183
0.002114714391063899
0.001968413998838514
0.002001511596608907
0.0022625649929977954
0.0020382606075145305
0.0020798595971427856
0.0020477605983614923
0.0020380127942189576
0.0020711897988803683
0.00207665580091998
0.0020117549924179912
0.0020300418022088707
0.0020336624002084136
0.001979962200857699
0.001982541405595839
0.0020171817974187433
0.002023686794564128
0.002008721395395696
0.0020793025963939727
0.0020307746017351747
0.0020525541971437634
0.002343579404987395
0.00204416080377996
0.0020090545993298294
0.0020824798033572734
0.0019540157984010873
0.002068835194222629
0.0020693363971076907
0.0020203338004648685
0.0019162736018188298
0.0020768886082805694
0.002125579002313316
0.002024269802495837
0.0020150457974523308
0.0020141285960562525
0.0020190631970763207
0.0021068017929792406
0.002034185593947768
0.0020186010049656035
0.0021125109982676805
0.0020940905902534722
0.002113851602189243
0.0020016395952552556
0.0020276186056435107
0.002031460800208151
0.0020902273943647744
0.0019374761963263155
0.0020317752030678095
0.0019006074056960643
0.0020250516012310983
0.0020127073978073893
0.0020543845952488483
0.0020432248013094066
0.0019624714041128755
0.0020505074062384665
0.002096478594467044
0.002025388600304723
0.0019869781914167105
0.002058632392436266
0.002038277394603938
0.001997612393461168
0.0020393342012539504
0.001911017403472215
0.00213470000308007
0.002021345996763557
0.002027509396430105
0.002064022596459836
0.0020063473959453402
0.0019507438060827552
0.0020744550041854382
0.0021226944052614273
0.00207081240369007
0.0020881631993688644
0.002058590191882104
0.0019799401983618737
0.002080806193407625
0.0019977690069936218
0.002022529800888151
0.0020062346011400223
0.002011392405256629
0.0020185928093269466
0.002015547000337392
0.002007395005784929
0.0020135007915087046
0.002010586601682007
0.002043665002565831
0.001894564798567444
0.0019384652026928962
0.0022622174001298845
0.0019744141958653928
0.002026613405905664
0.0022432631929405035
0.002059754601214081
0.001972655800636858
0.0019762728014029564
0.0019378831959329546
0.0019549297983758153
0.0019709513988345863
0.0019759673974476754
0.0019489240017719566
0.0020159344072453677
0.0020127981901168824
0.0020342499949038027
0.00206964339595288
0.0020185338100418447
0.001980811601970345
0.001999548601452261
0.002050218801014125
0.0019843357964418828
0.0020352818071842195
0.0019802646012976764
0.0019475574023090302
0.0019722852041013537
0.001973096595611423
0.0019848934025503695
0.0019080062047578394
0.002002176397945732
0.0019675047951750457
0.0019638911937363444
0.0019130060099996626
0.002009035204537213
0.0019748597987927496
0.0020572319976054133
0.0019980504061095417
0.002032634394709021
0.001994960801675916
0.001972291409038007
0.0019208551966585219
0.0019465294084511698
0.0019975221948698163
0.0019854560028761624
0.001972824998665601
0.0019152463995851577
0.0019636573968455197
0.0019865292008034883
0.0019124962040223182
0.002008327003568411
0.0018245740095153451
0.0019922722014598547
0.0020487140049226583
0.002029104402754456
0.0019748422084376214
0.0020247041946277024
0.0020343536045402287
0.0020119169959798454
0.0019911908078938723
0.0019503287971019746
0.001977226999588311
0.00201380280777812
0.0020263771992176773
0.002072125405538827
0.001990261801984161
0.0019596202066168187
0.0019594565965235233
0.0019132166053168476
0.001996636006515473
0.001991110201925039
0.001971321599557996
0.002029446396045387
0.0020542031968943776
0.0019269897951744498
0.0019553021993488073
0.0019470451981760562
0.0019963592058047652
0.002034752198960632
0.0020330849918536844
0.0020144791924394667
0.0019615004071965813
0.0018879750045016409
0.0020020388066768645
0.0019196009961888194
0.0020316167967393993
0.0019768586033023896
0.0020422604051418603
0.0019696539966389537
0.00195566980401054
0.00205965640489012
0.001986731810029596
0.001992006797809154
0.0020062922034412623
0.0019275233964435757
0.0020082843955606224
0.001992850401438773
0.0019618039950728416
0.002030472201295197
0.0019616189994849263
0.001968703407328576
0.001987500803079456
0.0020293941954150794
0.001986492204014212
0.001981887803412974
0.001958401605952531
0.0021151497960090635
0.0020491010043770077
0.0020193684031255543
0.0019610321964137257
0.00200974679319188
0.0019959670025855303
0.0020154491998255254
0.0019611748051829637
0.001997191400732845
0.0019707181956619023
0.0020870089996606112
0.0020258264034055174
0.002048912993632257
0.001966958597768098
0.001964467600919306
0.0020449470030143857
0.0019750618026591837
0.0020186602021567525
0.0019224658026359975
0.001971529400907457
0.0019606976071372627
0.0019798189983703195
0.0019483097945339977
0.0019423275953158736
0.0019729654071852566
0.0019436101894825697
0.0018881166004575789
0.0019432776025496423
0.0019757381989620624
0.0018888314021751284
0.001953229389619082
0.0020789128029718995
0.002042245795018971
0.0020529911969788374
0.002110009593889117
0.002043933002278209
0.002120598591864109
0.002016357600223273
0.0020374040002934636
0.0020514915930107238
0.0020064308075234292
0.0019782626070082186
0.0019538177992217244
0.0020153009914793073
0.002080345596186817
0.002028358995448798
0.0021360285929404197
0.002023048198316246
0.0020480570034123956
0.0020163492066785694
0.002370062400586903
0.002065202803350985
0.002066725806798786
0.0020245412015356123
0.0020349489990621806
0.0020433345925994217
0.0020289487903937696
0.0020430948003195225
0.0020509213907644154
0.0020460312021896242
0.002095327596180141
0.0020240557962097226
0.0019949143985286354
0.0020833023940213025
0.0020730059943161903
0.002076128602493554
0.0020113539998419584
0.0020139013999141754
0.0020894713932648303
0.0020650374004617333
0.0020524087944068015
0.0019730734056793153
0.0020623533986508847
0.0020303413970395924
0.0019783386029303073
0.00207328979158774
0.001991534396074712
0.0019974491908214985
0.0020007848041132094
0.0020135433995164933
0.0020425830036401747
0.002025987789966166
0.001989635790232569
0.0020326282014138997
0.0020588425919413566
0.002021007600706071
0.002019551198463887
0.0019689686014316976
0.0020453301956877114
0.002107388200238347
0.002047313598450273
0.0019880406092852355
0.002003247803077102
0.002039403608068824
0.0020302020013332365
0.0019977228017523884
0.0019632795942015947
0.002006950997747481
0.001968760194722563
0.002014512801542878
0.002063376398291439
0.0020572916022501887
0.001988544000778347
0.002032695594243705
0.001982853002846241
0.0021017422084696593
0.002064617397263646
0.0021263621980324387
0.002019308402668685
0.002028994797728956
0.0020000464050099255
0.0020653647952713072
0.0020127680036239326
0.0020005241967737675
0.0021084667998366056
0.0020180723979137836
0.0020029745995998383
0.0021120626013725998
0.002067288605030626
0.0020984313916414974
0.002023277396801859
0.002065091603435576
0.0020674534025602043
0.0020873932051472368
0.0019981442019343376
0.0020458049955777826
0.002035366999916732
0.0020487407920882104
0.0020862264093011616
0.001997229398693889
0.0020482521969825028
0.0020596559974364937
0.00203122099628672
0.002038903394713998
0.0019903213949874045
0.002043584594503045
0.0019875918049365284
0.0020379467983730136
0.0019933740026317538
0.0021328785922378303
0.0020862780045717956
0.0020758154103532435
0.002022691199090332
0.0020168326096609234
0.00204610739601776
0.0020335772074759006
0.0020386041956953703
0.0020295668044127526
0.0020404446055181324
0.00212957919575274
0.00204097640234977
0.0020082631963305175
0.002008086408022791
0.002026950602885336
0.0020848601940087973
0.0021002211957238614
0.0020647939993068574
0.002134209393989295
0.002091573795769364
0.002018532797228545
0.002038125798571855
0.0020626729936338963
0.002066431997809559
0.002068973204586655
0.00204532960196957
0.0019805877935141327
0.002028951793909073
0.0020448224036954342
0.0020362917915917934
0.0020416115992702545
0.0020560265984386206
0.002034570393152535
0.001999151997733861
0.0021365112042985857
0.0020122742047533394
0.0019277642015367747
0.0020354437991045417
0.00195433379849419
0.0021187674021348355
0.0022882479941472413
0.002025278995279223
0.002121841802727431
0.0019759932067245243
0.0019801996066235008
0.002091308799572289
0.0020362511975690724
0.0020229460089467464
0.0020495954086072743
0.002013653190806508
0.0020482038031332194
0.0014220466022379697
0.0019782848074100913
0.001992806000635028
0.002024257800076157
0.0020371729973703624
0.0021563795977272092
0.0019769229926168918
0.002040175604633987
0.002026799402665347
0.0020166196045465767
0.00211712900782004
0.002007419802248478
0.0021145378006622194
0.002036424400284886
0.0020249195978976784
0.0021236698026768862
0.0020417590043507517
0.0020650010090321304
0.0019999917945824563
0.001903763401787728
0.002022700000088662
0.0019596719997935
0.0020783158019185067
0.002054036199115217
0.0019895675941370428
0.002039699803572148
0.002006361598614603
0.002130603406112641
0.0020615856046788394
0.002105963008943945
0.0020808463916182516
0.002122617396526039
0.0021084616077132524
0.0020426257979124784
0.002116833603940904
0.0020449118106625973
0.0020364994066767394
0.0020186522044241427
0.0020143579924479125
0.0020673550083301962
0.002025009598582983
0.002041579002980143
0.0020211847964674234
0.0020338624017313123
0.002034749195445329
0.0020532974041998385
0.0020502986037172375
0.0020488983951509
0.002052820206154138
0.0019015760044567287
0.001985899405553937
0.002018812799360603
0.0020642371964640915
0.002008329995442182
0.0020438059931620956
0.0019714156049303712
0.0020515418029390274
0.0019959207973442973
0.0019346227985806764
0.0019767376012168824
0.0019489523954689502
0.0021023227949626745
0.002087787608616054
0.002034746203571558
0.0019666403997689484
0.0019747699960134925
