average_runtime 0.00734824525474105
0.006799359188880772
0.0068601754028350115
0.006577223003841936
0.006724499596748501
0.006396476598456502
0.007224707002751529
0.007102451601531357
0.0067966772010549905
0.007064979802817106
0.006744073599111289
0.007128853595349938
0.006859949592035263
0.007087450800463557
0.007037403003778309
0.007002757804002613
0.007111220399383456
0.007080703997053206
0.0071987294009886686
0.007163010200019926
0.007067425397690385
0.007419701595790684
0.007297931599896401
0.0068951123976148665
0.0067388050025329
0.006700357398949563
0.006831119407434016
0.006737837998662144
0.006849803996738046
0.007598884403705597
0.007306706800591201
0.007136848999653012
0.00716734619345516
0.0070759475929662585
0.007065399398561567
0.007213324401527643
0.007132824196014553
0.0071135491947643455
0.00708996900357306
0.0074317788006737825
0.007283356203697622
0.007301297993399203
0.00717376460088417
0.007320307800546289
0.0072338365949690345
0.007170386996585875
0.0071571446023881435
0.007132481201551855
0.0070885271998122334
0.007157441996969283
0.007088010990992188
0.006974545598495752
0.007168764399830252
0.007019956596195698
0.007601231394801289
0.007332691608462482
0.00708209079457447
0.007063643599394709
0.007012784609105438
0.007040976395364851
0.007088595395907759
0.007357278792187572
0.007305745803751052
0.007345777004957199
0.0073559337994083766
0.007345933199394495
0.007409187196753919
0.0073190007940866055
0.007322479400318116
0.007254642993211746
0.007448062195908278
0.00741266900440678
0.007405247201677412
0.007299094402696937
0.007238067197613418
0.007191268203314394
0.007168865599669516
0.0073204435990192
0.0073527031927369535
0.007217099203262478
0.007850813993718475
0.007589749607723207
0.00738245079992339
0.007818256202153862
0.007227748807054013
0.007286014198325574
0.0071309424005448815
0.007109170395415277
0.007015815994236618
0.007267797004897147
0.0070938820019364355
0.00705995560856536
0.007600665197242051
0.007455756200943142
0.0074627103982493285
0.007358789804857224
0.007318623410537839
0.007546583004295826
0.007420934201218188
0.0074989479966461655
0.007416234200354666
0.007261457794811577
0.007385305198840797
0.007311771402601153
0.007163352600764483
0.007101927197072655
0.007101305003743619
0.0074544820003211495
0.007092976593412459
0.007235324592329562
0.007166094600688666
0.007179785403423011
0.007168836996424943
0.007113667402882129
0.007115524599794298
0.007246607402339578
0.007416463200934231
0.007311724801547825
0.0072807256015948955
0.007419390801806003
0.007326702598948032
0.007193336402997375
0.0071183513966389
0.0070516028092242776
0.00708949079271406
0.007257125398609787
0.007221908203791827
0.007346333598252386
0.007108463800977916
0.0073137872037477795
0.007610342395491898
0.0073118124040775
0.007337929203640669
0.007409945596009493
0.007482270000036806
0.007559052808210254
0.007188083999790251
0.007012597192078829
0.0069058355991728606
0.006986959802452475
0.007182532991282642
0.007269451394677162
0.007078379194717854
0.007349800795782358
0.007077847805339843
0.0072314283926971255
0.00799381680553779
0.007306338404305279
0.0073760658036917445
0.007318234397098422
0.007273183402139694
0.007295533397700638
0.007185015198774636
0.007381374598480761
0.007157220202498138
0.0072351107955910265
0.007470436196308583
0.007356076792348176
0.007299828401301056
0.007467971404548734
0.007243087003007531
0.0072219845955260095
0.007128855399787426
0.0070903750020079315
0.007073050399776548
0.007057066599372774
0.00708888079971075
0.0070742309908382595
0.007073342590592802
0.007058736402541399
0.007056440401356667
0.00692422220017761
0.007029039401095361
0.007044585794210434
0.006970879994332791
0.007428510999307037
0.007583673996850848
0.007746569195296616
0.007589350803755224
0.0073864872101694345
0.00731644039042294
0.006776293204165995
0.007152214995585382
0.00711713379714638
0.007073064602445811
0.007728014409076422
0.0073385662049986426
0.007420648192055524
0.00746723220217973
0.007483389601111412
0.007448390207719058
0.007376755599398166
0.0073483471991494295
0.007329779409337789
0.007429229805711657
0.007258863199967891
0.007392405194696039
0.007341785600874573
0.007266365003306419
0.00728658779989928
0.007464726408943534
0.007474372803699225
0.007484274602029472
0.007301203196402639
0.007234429800882935
0.007404163002502173
0.007121128006838262
0.007360179803799838
0.007315881398972124
0.007440395408775657
0.007382756192237138
0.007316344405990094
0.007199501595459878
0.007079964596778154
0.007581497798673809
0.007471247809007764
0.00761797659797594
0.007563230604864657
0.007504381204489619
0.007777530606836081
0.007384977792389691
0.007718151796143502
0.007603597198612988
0.007966090005356818
0.007973015203606337
0.007881498197093606
0.007252519996836781
0.007151420402806252
0.00771443999838084
0.00758924160618335
0.007400153204798698
0.0071546880062669516
0.007205992005765438
0.007389476208481937
0.0073276801966130735
0.007178836606908589
0.007363064400851727
0.0074509138008579615
0.0071836377959698435
0.007201583799906075
0.007344482408370823
0.007202005397994071
0.0072408181964419786
0.007363127404823899
0.0077568248030729595
0.007456973404623568
0.0073985056020319465
0.007534781203139574
0.007474603003356606
0.00754329840419814
0.0076193912071175875
0.007506174000445754
0.007349114201497286
0.007510873803403229
0.007586590002756566
0.0076834721956402065
0.007414616597816348
0.007669156999327242
0.007555303210392594
0.007361433806363493
0.0074873926001600925
0.007536964397877455
0.007351819600444287
0.007384584203828126
0.007553907600231469
0.007837289408780635
0.00756274260347709
0.008010443206876517
0.007776495395228266
0.007723407202865929
0.007923566200770438
0.007672604790423065
0.0072477631969377395
0.007392585801426321
0.007246619404759258
0.007165834808256477
0.007840877003036439
0.007745588396210224
0.007409776793792844
0.007523139996919781
0.007413997198455036
0.007384625403210521
0.008042328793089836
0.007744439202360809
0.007714174001011998
0.00792793759610504
0.007619369798339904
0.0076811743900179865
0.007846577593591064
0.007381559000350535
0.00777403520187363
0.007457252801395952
0.007733067800290883
0.007803298998624086
0.007716920995153487
0.007705816789530218
0.007592570804990828
0.007336953200865537
0.007466369599569589
0.007263554201927036
0.007427318801637739
0.0074471314088441435
0.0076917408034205435
0.00860446160659194
0.007749852002598345
0.007428171392530203
0.007547587004955858
0.007718417199794203
0.007401161000598222
0.0076849291916005315
0.007391087990254164
0.007324752595741302
0.007200649799779057
0.006926445604767651
0.0070438646012917164
0.007292761805001646
0.007197024393826723
0.0070256798062473536
0.007228930806741118
0.0073996820021420716
0.007154233998153359
0.007336804794613272
0.0071852631983347235
0.007163380400743336
0.007311608199961484
0.007038824004121124
0.007394871802534908
0.0072101337951608006
0.0073384589981287714
0.007061639602761715
0.00740644020261243
0.007210065599065274
0.0073979003936983645
0.007165052997879684
0.007418167602736503
0.007196541596204043
0.007399567600805313
0.0072762124007567765
0.007210540398955345
0.007314894802402705
0.007530943001620471
0.007189966004807502
0.007274119998328388
0.007263806404080242
0.007342104602139443
0.007373181392904371
0.007249205803964287
0.00739829019876197
0.007182638393715024
0.00790427199099213
0.007377385208383202
0.007664247194770724
0.007352474401704967
0.007599605200812221
0.00737001959932968
0.007592966605443507
0.007316398003604263
0.007400689192581922
0.0072156597976572815
0.00767991979373619
0.007362847204785794
0.007565739995334298
0.00753677140455693
0.007667877408675849
0.007351368805393577
0.007581538602244109
0.00735123660415411
0.007405438204295933
0.0073535321978852155
0.0074655257980339226
0.007320009998511523
0.0074846175964921715
0.007354620995465666
0.007369194796774536
0.007697495399042964
0.007358669396489858
0.007868437794968486
0.0073773849988356234
0.00757580460049212
0.0074575713952071965
0.0072417850024066865
0.007829271198716015
0.007753763999789953
0.007961292401887476
0.007668690197169781
0.007958597398828714
0.0075686178053729234
0.007831095601432025
0.007400442601647228
0.007542397000361234
0.007456708000972867
0.007430551794823259
0.007407507998868823
0.007312133198138326
0.007415200001560152
0.007230037602130324
0.007473862601909786
0.007229096407536417
0.007513950602151454
0.0074152998044155535
0.007305910997092724
0.007977718010079116
0.007589644799008965
0.007624992006458342
0.007554723799694329
0.007748413807712495
0.00792365800589323
0.007569492806214839
0.008169883210211993
0.007420719601213932
0.007489356398582459
0.007484038604889065
0.007319012400694191
0.0074320314102806154
0.007323641004040838
0.007324762002099305
0.007466009201016277
0.007251280802302062
0.007392691401764751
0.007204118801746517
0.007363430003169924
0.007235259597655386
0.007176088797859847
0.007964757399167865
0.007557207404170185
0.007754484401084482
0.0074879749910905955
0.007337200210895389
0.007344221801031381
0.007342973595950752
0.007194208598230034
0.007342446397524327
0.007172958203591406
0.007176276599057019
0.007423715596087277
0.007316715200431645
0.0073432652046903964
0.007345088804140687
0.0072973291971720755
0.007388162997085601
0.007500447600614279
0.0073500628001056615
0.007566685799974948
0.007384992996230721
0.007236628595273941
0.007223168399650604
0.007311900402419269
0.007856027991510927
0.007420833001378924
0.00737332459539175
0.00784617360914126
0.007477247994393111
0.00736411779653281
0.007732094393577427
0.0074567997944541276
0.007359302008990198
0.00751318420516327
0.007982617407105864
0.0075586430029943585
0.007680408400483429
0.007610885996837169
0.007402426598127931
0.007537537394091487
0.007507102598901838
0.007863096799701453
0.007558733993209899
0.00772535459836945
0.007589856791310012
0.0072580105974338945
0.007662589405663311
0.007678449410013855
0.007661366602405906
0.0073962275986559686
0.007545396604109555
0.00737761720083654
0.007022923592012375
0.007021359202917665
0.006983014405705035
0.007476595800835639
0.007209826994221657
0.007168264396023005
0.007071715802885592
0.007141147006768734
0.0072021806030534204
0.007222358591388911
0.007151775993406773
0.007420604000799358
0.00727414779830724
0.007168717205058783
0.007183008000720292
0.007315047201700509
0.0072812497965060174
0.007168871001340449
0.007298379007261246
0.007359543605707586
0.007332113396842033
0.00725837160134688
0.00724721479928121
0.007775554608087987
0.007465975801460445
0.007272909802850336
0.007197663397528231
0.00734984939917922
0.007301105000078678
0.007421105599496514
0.007227005192544311
0.007275323395151645
0.0072021006024442615
0.007816370599903167
0.007606080593541264
0.007243524200748652
0.007454902003519237
0.007418619201052934
0.0078045193920843305
0.007585720194038003
0.007462821202352643
0.00759351080050692
0.007435517001431436
0.007568978203926236
0.0076065647997893395
0.007444365601986647
0.00733986139530316
0.007290642603766173
0.007395506999455392
0.00751908200327307
0.007912471808958798
0.007532098598312586
0.0073831707937642935
0.007376929197926074
0.007394805795047432
0.007336777204181999
0.007236964593175799
0.0071339211892336605
0.007069158006925136
0.007449479796923697
0.00738667199620977
0.007415647793095559
0.007423065800685436
0.00729348718887195
0.007325408002361655
0.00726202359655872
0.00737915940117091
0.007259762403555215
0.007012413395568728
0.006976908200886101
0.0071202303981408475
0.00707468040054664
0.006942080997396261
0.006994524609763175
0.007142877206206322
0.006990622403100133
0.006989574001636356
0.007463548809755594
0.007207707199268043
0.007432550599332899
0.007306233595591039
0.007283447799272836
0.007284908799920231
0.007118526601698249
0.007296857994515449
0.0071776870056055484
0.007232768810354173
0.007157701393589377
0.0071850738022476435
0.007090594596229493
0.007071978400927037
0.0069623257964849476
0.006980305397883057
0.0069938986096531154
0.007098827802110463
0.0071162215899676085
0.007091373391449452
0.007026343792676926
0.0070714468020014465
0.007199332001619041
0.007068427396006882
0.007182405795902014
0.007106121198739856
0.006992838997393847
0.007403084402903914
0.007335419999435544
0.007371477596461773
0.007300177600700408
0.007284614199306816
0.0074936958029866215
0.007253652007784694
0.0073425131966359915
0.0071359505993314086
0.007379619998391718
0.007148391602095216
0.007076248805969953
0.007111836795229465
0.0070412583998404445
0.006994971807580441
0.006968280603177846
0.007159643003251404
0.007121322792954743
0.007043047598563135
0.007779464405030012
0.007265292410738766
0.007539253192953765
0.007337277999613434
0.007174293196294456
0.00711127599934116
0.007019829598721117
0.007277802599128335
0.007171311206184328
0.00717602800577879
0.007467445801012218
0.0073298815987072885
0.007401430408935994
0.007373092602938414
0.007847198797389866
0.007410182792227715
0.007571044994983822
0.0073695910046808425
0.007172593602444976
0.007146257197018713
0.0071545512066222726
0.0069873563945293425
0.007140802394133061
0.0071115617989562455
0.007073835004121065
0.006949035008437932
0.007079728995449841
0.00769829839700833
0.007610958395525813
0.008080125588458031
0.007860261399764567
0.007573185791261494
0.007411676400806755
0.007626423600595444
0.0076736225979402665
0.007464570191223175
0.007501814793795347
0.007436302595306188
0.007253378198947757
0.007353591208811849
0.0074449840001761915
0.007853297598194331
0.007623900601174682
0.007471280405297875
0.007845886796712876
0.0074125882005319
0.007461164402775467
0.007454129599500448
0.007689485198352486
0.007594601798336953
0.007487829599995166
0.007956913602538408
0.00760023680049926
0.007632144796662033
0.007690702402032912
0.007720432197675109
0.007467491808347404
0.007151660800445825
0.007780488196294755
0.007400705001782626
0.007480089599266648
0.0075215248041786255
0.007502987398765981
0.007195184601005167
0.007326698198448866
0.007255197397898883
0.007779425999615341
0.0075613489956595
0.007434824004303664
0.007280518009793013
0.007626527803950012
0.0073640413931570945
0.007260596193373203
0.007235697191208601
0.007148059993050992
0.007203329401090741
0.00719896899536252
0.007093779800925404
0.006996499595697969
0.007247149408794939
0.007359056000132114
0.007586758793331682
0.007533044600859284
0.007605073601007461
0.0075301667908206586
0.0075444783899001775
0.007373541197739542
0.007527923793531954
0.007513279607519507
0.007463945401832461
0.0074268538039177654
0.007424242200795561
0.0071324063930660484
0.007015876192599535
0.007328363205306232
0.007138684205710888
0.007215231203008443
0.007476134004537016
0.0077522539999336
0.007430839608423412
0.007567293592728674
0.007374878204427659
0.007232861197553575
0.007371531601529568
0.007235897204373032
0.0071437236038036644
0.00713020219700411
0.007243625004775822
0.007560697395820171
0.007498760998714715
0.007506681594531983
0.007452140399254859
0.007466392603237182
0.007353169994894415
0.007331934804096818
0.007264936598949135
0.007217413210310042
0.007190535811241716
0.007165121810976416
0.0073298147995956246
0.007346594601403922
0.007348618807736784
0.007300518802367151
0.007360688596963883
0.007444150594528765
0.0073517536045983435
0.007538747589569539
0.00723891279194504
0.00726868980564177
0.0071984105976298455
0.007189238606952131
0.007064155803527683
0.0071130597963929175
0.007314321200829
0.007275339600164443
0.007210642797872424
0.007251659000758082
0.007352465006988496
0.007252317410893739
0.007144748594146222
0.007316521403845399
0.007173021207563579
0.007233970798552036
0.007304946996737271
0.00717983020003885
0.007267992792185396
0.0072358771925792095
0.007267192006111145
0.007243827404454351
0.0073577645933255555
0.0072137458017095925
0.007116776006296277
0.007320506602991372
0.007307756203226745
0.007137791998684406
0.007114152598660439
0.007051909191068262
0.007160442799795419
0.00717371980426833
0.007253827794920653
0.007241045404225588
0.007255025010090321
0.007090781396254897
0.0070129327941685915
0.0071818539989180865
0.007098546193446964
0.007061961200088262
0.0070646486012265084
0.0069674800033681095
0.007200123404618353
0.007609977992251516
0.007084206596482545
0.0071775297983549535
0.007230727595742792
0.007210468396078795
0.007087570999283343
0.006971396401058883
0.007295974204316736
0.00725589320063591
0.0070243158028461036
0.007270402403082699
0.007337340409867466
0.007372698397375643
0.007502198999281973
0.007719886396080256
0.007905408402439206
0.007779083994682879
0.007653605996165424
0.007274262001737952
0.007869936595670878
0.0075840638019144535
0.007614493207074702
0.007553809403907508
0.007478360191453248
0.007248046796303242
0.007403801393229515
0.007358852599281818
0.007747152401134372
0.007804789999499917
0.008474613400176167
0.007390354399103671
0.007644489803351462
0.007593753607943654
0.0074416538001969455
0.007261510007083416
0.007218359608668834
0.0076286087976768615
0.007429148396477103
0.007753720600157976
0.007712964597158134
0.007458877796307206
0.007397174590732902
0.007287587004248053
0.007335565204266458
0.0074110004003159705
0.007106061605736613
0.006957136199343949
0.007065632601734251
0.007281803002115339
0.007230585801880807
0.00728533259825781
0.007741247199010104
0.007603747397661209
0.007528615999035537
0.00738682639785111
0.007299413601867854
0.007420768600422889
0.007591299002524465
0.0074579771957360205
0.007252766599413008
0.0073307165992446245
0.007321889593731612
0.007288843404967338
0.007527122797910124
0.007465881796088069
0.007535155001096428
0.007398415997158736
0.007110816799104214
0.007313671603333205
0.007462512201163918
0.007358717604074627
0.007319133204873651
0.0074580860091373324
0.0077197942067869
0.007261553208809346
0.007272715598810464
0.007373339403420687
0.007388377003371716
0.007414293801411986
0.00721102679381147
0.007508335204329341
0.007337090605869889
0.007242033793590963
0.0071733552031219006
0.007148941594641656
0.007158911600708961
0.007127226190641522
0.007187608990352601
0.007031913404352963
0.007101650396361947
0.007090362603776157
0.007162672595586628
0.007131159398704767
0.007157990196719766
0.007031989796087146
0.007201691600494086
0.007236452004872262
0.007289847801439464
0.007290313206613064
0.007226827996782958
0.007222977397032082
0.007111717201769352
0.007224028802011162
0.007307066197972745
0.007347408798523247
0.007364300405606627
0.007278926798608154
0.007208375597838312
0.007135695405304432
0.007215926190838218
0.007151039596647024
0.007718664209824056
0.007536949601490051
0.007557346008252352
0.007610369799658656
0.007546764204744249
0.0075183780048973855
0.007746606005821377
0.007334457593970001
0.007336088991723955
0.007163417607080192
0.007084159192163497
0.0072215129970572885
0.007228932389989495
0.007102004589978605
0.007144572190009057
0.007167642598506063
0.0073223504004999995
0.0072958923992700875
0.007342600799165666
0.0073298798059113325
0.007234367006458342
0.00717977499589324
0.007239103608299047
0.00724933979799971
0.00730273179942742
0.0071838838048279285
0.007549291406758129
0.007475875795353204
0.007483377389144152
0.007411593000870198
0.007500173593871296
0.007478128594812006
0.007488129602279514
0.0072973569971509274
0.007277000602334738
0.007384013198316097
0.007508461398538202
0.007499589410144836
0.007281541998963803
0.007162536401301623
0.007654173800256103
0.007111694407649338
0.007188885600771755
0.007301735796499997
0.007320753799285739
0.007782631798181683
0.007422571803908795
0.007384821400046348
0.007240470196120441
0.007125674793496728
0.007416904799174518
0.0072285989997908475
0.007275428809225559
0.007304281205870211
0.00724990179296583
0.007813499600160867
0.007514325005467981
0.007417918008286506
0.00750828500604257
0.007597536197863519
0.0075479713967069985
0.007523175596725195
0.0074644092004746195
0.007274310605134815
0.007385460601653904
0.0073552623973228036
0.007372415601275861
0.0072909353999421
0.007212600007187575
0.007434355607256293
0.007266107189934701
0.007277437800075859
0.007183872198220342
0.007345300202723592
0.00728351860307157
0.007293842802755535
0.007149088196456432
0.007280399603769183
0.0071537293959409
0.007397345604840666
0.00715624219737947
0.007302529399748891
0.007657476200256497
0.007570229796692729
0.007519511401187629
0.007524031598586589
0.007452420005574822
0.007481732999440283
0.007475540798623115
0.007309380208607763
0.007130012603010982
0.007516148802824319
0.007426446804311126
0.007490757002960891
0.007567433803342283
0.007427838793955743
0.007558911200612783
0.007476399198640138
0.00743730339454487
0.007290577399544418
0.0073358807945624
0.0073207714012824
0.007212991605047137
0.00724287839839235
0.007340390200261027
0.007273334404453635
0.00736555359326303
0.007268479198683053
0.007273667806293816
0.0070269109914079305
0.007104714005254209
0.007059986202511937
0.007179879397153854
0.007174212601967156
0.007200515607837588
0.007101032603532076
0.007650078204460442
0.007150656392332167
0.007186170003842562
0.007074700994417071
0.0072368088061921295
0.007185350405052304
