average_runtime 0.0005394180945237167
0.0005398942506872117
0.0005327557504642755
0.0005303440993884578
0.0005335692985681817
0.0005329650477506221
0.0005310212000040337
0.0005328875500708819
0.0005318871495546773
0.0005295386479701846
0.0005315913498634472
0.0005306664010277018
0.0005304781516315416
0.0005310951994033531
0.0005293135502142832
0.0005304051504936069
0.0005297487485222518
0.0005303733487380669
0.0005300769989844412
0.0005293069989420474
0.0005312138004228472
0.000527752298512496
0.0005317398521583527
0.0005298217525705695
0.0005297387513564899
0.0005291230016155168
0.0005310747015755624
0.0005283359496388584
0.0005309361993568018
0.0005283657519612461
0.0005321456003002823
0.0005278478492982686
0.0005293477501254529
0.0005279137491015718
0.000529949102201499
0.0005294736503856257
0.0005302269506501034
0.0005300724995322525
0.0005295168986776844
0.0006701795500703156
0.0005295781505992636
0.0005296971503412351
0.0005290787026751787
0.0005296387011185288
0.0005451889999676495
0.0005385473486967385
0.0005334015004336834
0.0005359514500014484
0.0005621460994007065
0.000535276101436466
0.0005337462498573586
0.000534275351674296
0.0005344848003005608
0.0005344071483705193
0.0005351505998987705
0.0005375128996092827
0.00053841675107833
0.0005361093993997201
0.0005341064999811352
0.0005357307003578171
0.000539989399840124
0.0005383089504903182
0.0005391379498178139
0.000539940848830156
0.0005384256510296836
0.0005388171499362216
0.000538966350723058
0.0005408159486250952
0.000537265551974997
0.0005394062522100284
0.0005384371004765853
0.0005365477001760155
0.0005362183001125231
0.0005391508486354724
0.0005367866979213431
0.0005397349508712068
0.0005383126001106576
0.0005388050980400294
0.0005381394497817382
0.0005390618491219357
0.0005401291506132111
0.0005385757511248812
0.0005404075986007228
0.000538335248711519
0.0005382409523008391
0.000539357599336654
0.0005385500000556931
0.0005385130498325452
0.0005364351003663614
0.0005382781499065458
0.0005394940992118791
0.0005396044492954388
0.0005393199506215751
0.0005378450005082414
0.0005373278021579608
0.0005361318006180226
0.0005385861499235034
0.0005393411003751681
0.0005379170004744082
0.0006147528998553753
0.0005368206999264658
0.0005386576493037864
0.0005382582981837914
0.0005380571499699726
0.0005372462008381262
0.0005390131991589442
0.0005364119017031044
0.0005369867518311367
0.0005368065496440977
0.0005397132015787065
0.0005366416997276246
0.0005402025999501348
0.0005378398986067623
0.0005395876476541161
0.0005359721515560522
0.0005375441978685558
0.0005394140491262079
0.0005371280509280041
0.000538561400026083
0.0005386737000662833
0.0005373913474613801
0.0005389374506194145
0.000538034550845623
0.0005356012989068404
0.0005391001497628168
0.0005360860523069277
0.0005381486495025456
0.0005367204023059458
0.0005379701004130765
0.0005380640010116622
0.0005370472004869953
0.0005369696504203602
0.0005375187000026926
0.0005397298518801108
0.0005365865014027804
0.000537043550866656
0.0005368367506889627
0.000540390849346295
0.0005387038516346365
0.0005401819507824257
0.0005369380000047385
0.0005392693507019431
0.0005393781495513395
0.0005382638017181307
0.000539073851541616
0.0005368364509195089
0.0005372765008360147
0.0005395546497311444
0.0005371191509766504
0.0005395555024733766
0.0005388675490394235
0.0005385545489843934
0.0005402021517511458
0.0005370654485886917
0.0005395588494138792
0.0005392824008595198
0.0005402382492320612
0.0007319065480260178
0.0005376110493671149
0.0005382283503422514
0.0005388642486650497
0.0005389021011069417
0.0005377325491281226
0.0005361179501051083
0.0005405231495387852
0.0005397520988481119
0.0005365591990994289
0.0005393464001826942
0.0005368400510633364
0.0005378344503697008
0.0005374597007175907
0.0005359908012906089
0.0005374699510866776
0.0005396118009230122
0.0005386756500229239
0.0005380706017604098
0.0005373676511226221
0.000569093698868528
0.0005365785502362997
0.0005368471494875849
0.0005376535496907309
0.0005373956490075215
0.0005366897006751969
0.0005365216522477568
0.0005377504014177248
0.00053882724896539
0.0005370371480239555
0.0005375058011850342
0.0005389296013163403
0.0005390103004174307
0.0005371075996663422
0.0005351801519282162
0.000537029848783277
0.0005412899510702119
0.0006414349511032924
0.0005392900493461639
0.00053715315007139
0.0005376385001000017
0.0005374259984819218
0.000536038150312379
0.0005391772516304627
0.0005370457016397268
0.0005368570971768349
0.0005365933000575751
0.0005378364992793649
0.0005392597493482753
0.0005371513514546677
0.0005379794514738023
0.0005379711510613561
0.000538443648838438
0.0005357219517463819
0.0005359465983929112
0.0005385901022236794
0.0005368129495764151
0.0005373313004383817
0.0005384318996220827
0.0005384509480791166
0.0005407205986557529
0.0005400363501394167
0.0005406935000792146
0.0005411803518654779
0.0005405581498052925
0.0005382141505833715
0.0005403040500823409
0.0005408281984273344
0.0005394841980887577
0.000541957700625062
0.0005408094992162659
0.0005396189022576437
0.0005385803990066052
0.0005395324493292719
0.0005381961993407459
0.0005412439990323037
0.0005399261513957754
0.0005398865498136729
0.0005395014508394524
0.0005424523988040164
0.0005407126998761668
0.0005396955995820463
0.0005373296997277066
0.0005399348010541871
0.0005401086498750373
0.0005387471988797188
0.0005376092507503927
0.0005394507490564138
0.0006033804500475525
0.0005387622019043192
0.0005385766504332423
0.0005376295506721362
0.0005393814004492015
0.0005374002997996285
