average_runtime 0.0020035703486082582
0.0020097070024348795
0.0019348771893419325
0.0019356039934791624
0.002043522207532078
0.0020250765956006944
0.002028032997623086
0.0019604597939178346
0.0019577531958930193
0.0019554398022592068
0.0019205824006348847
0.0018754955963231623
0.0019696268020197747
0.0020115185994654893
0.0020043933996930718
0.0020074752043001353
0.0020085736061446367
0.0020442256005480885
0.002029425394721329
0.001995231199543923
0.0020400060107931494
0.0020027226069942116
0.0021056190016679466
0.0025410213973373176
0.001987280196044594
0.001996983797289431
0.0020411296049132944
0.0019558276049792766
0.002023866993840784
0.001950240193400532
0.001971089409198612
0.002024509001057595
0.001959571603219956
0.002044351201038808
0.002013637009076774
0.0019838394015096127
0.00202389060286805
0.0019896176061593
0.002010508393868804
0.0020152086042799057
0.0019798415945842863
0.0019319269922561944
0.001981614006217569
0.0020204623928293587
0.0020194887998513877
0.0020526338019408287
0.001999833597801626
0.0020018436014652254
0.0019574225996620955
0.0020144267939031122
0.0019761606003157795
0.0019118695985525847
0.0020087193930521607
0.0020308103994466364
0.002020045800600201
0.001947578997351229
0.001996929396409541
0.001931214809883386
0.0020210376009345055
0.002068511990364641
0.0020500243990682065
0.0019804175943136217
0.0014216989977285266
0.002003701403737068
0.001970085606444627
0.001985426608007401
0.0020064271986484526
0.002060576807707548
0.001969179802108556
0.002021075808443129
0.0019931628019548954
0.0019649103982374073
0.0020265938015654682
0.0020129728014580905
0.002030079602263868
0.0020099909976124763
0.0019397711963392793
0.002023836201988161
0.0020542318001389504
0.0019654563977383075
0.0020357351982966065
0.0020232302020303907
0.0020294517977163195
0.002027719805482775
0.0020192443975247444
0.001973781397100538
0.001889412198215723
0.0020085938042029737
0.0020053275977261363
0.0020233287941664457
0.0019816360087133943
0.002065645600669086
0.0020263968035578728
0.0019560815999284387
0.0020274884067475797
0.0019521943992003798
0.001988079200964421
0.002002972806803882
0.001954038592521101
0.0019820887944661083
0.0020522776059806345
0.001969410595484078
0.00200153139885515
0.0020107322023250164
0.001939783594571054
0.0020490435999818146
0.0020138930063694715
0.0019844377995468674
0.0019766608020290732
0.0019380584009923041
0.002040613000281155
0.0020483396016061305
0.001984760200139135
0.002013500197790563
0.002030831202864647
0.0020233658025972543
0.002019623399246484
0.001956077804788947
0.0020251616020686924
0.0020226730033755303
0.002099376008845866
0.002013655996415764
0.00201305280206725
0.0019519987981766462
0.0020160640007816253
0.002016266598366201
0.00196857979753986
0.0020230512018315494
0.0018683113972656428
0.0020108073949813843
0.0019513617968186735
0.001993276400025934
0.001966675999574363
0.002019615995232016
0.002009227802045643
0.0020078586065210404
0.0020056423963978887
0.0020138647989369927
0.0020009896019473673
0.002339085203129798
0.0019818961969576775
0.001957222598139197
0.0020533883944153786
0.0019595933961682023
0.0019649831927381458
0.002007575600873679
0.002016428194474429
0.002015010791365057
0.0019903993932530286
0.001959692407399416
0.001985170599073172
0.002029324404429644
0.001983030990231782
0.0019526955904439092
0.001976728404406458
0.0019875323981978
0.001985415199305862
0.002044947596732527
0.0019860835978761314
0.002023139805532992
0.0020073662046343086
0.0019946105894632638
0.002018421399407089
0.0020387004013173284
0.0019700487959198655
0.001979331800248474
0.001985481008887291
0.002011189400218427
0.0019712763954885305
0.0019922713981941342
0.0020593279972672463
0.001977204601280391
0.0020066803903318942
0.0020357180037535727
0.0020338890026323497
0.001973665610421449
0.0020141883986070754
0.001860138203483075
0.0020098323933780194
0.0020205850014463067
0.0020233312039636075
0.0020057028043083845
0.001994118595030159
0.0019215445965528489
0.0020709884003736077
0.0020839903969317674
0.001948285207618028
0.002012077998369932
0.00200551199959591
0.0019958746037445963
0.002016435202676803
0.00203050299314782
0.002028370404150337
0.0020635623950511217
0.0019924968015402555
0.001998154795728624
0.0013871424016542733
0.0019656084012240173
0.0020423980080522598
0.002043957798741758
0.0019801130052655934
0.001965067198034376
0.0020079112029634414
0.001955084002111107
0.001990618207491934
0.001957390399184078
0.001982245792169124
0.0019943172112107275
0.002023161994293332
0.002285265002865344
0.0020151584059931336
0.0019776577944867315
0.001963632402475923
0.001997490401845425
0.001974860590416938
0.0020044825971126555
0.0019986534025520086
0.001996071799658239
0.0019629143993370236
0.001993042801041156
0.0019852219964377584
0.0019795494037680326
0.001988566399086267
0.002045314002316445
0.002002946601714939
0.0020199706079438327
0.0020137717947363853
0.002062713599298149
0.002022343804128468
0.0020249239983968436
0.0020060307928361
0.0020160931977443396
0.0020245554042048752
0.0020443379995413124
0.001982197805773467
0.0019745100056752563
0.0019228178076446055
0.001947695401031524
0.0020082560018636285
0.001962785399518907
0.001992413401603699
0.0018920984002761543
0.001958242803812027
0.001937123597599566
0.0019487440004013479
0.001962029200512916
0.002499448403250426
0.00202925440389663
0.0020154117955826223
0.0020057517918758093
0.0019771546008996665
0.0020165283931419253
0.0020114928018301727
0.002015539398416877
0.0020250030094757674
0.002006873197387904
0.0020271367975510657
0.0020510687958449126
0.002023626200389117
0.0020837087999098004
0.0020016520051285625
0.0019413365982472897
0.0020236916025169194
0.002016315807122737
0.002017162193078548
0.0020161287975497544
0.0019265413982793688
0.0020487505942583086
0.0020676690037362278
0.0020253694034181534
0.002023155603092164
0.0020125025999732315
0.002025160996709019
0.002015985595062375
0.002037806191947311
0.0020074341911822556
0.0020732785924337804
0.0020329685998149217
0.001972451200708747
0.001934007799718529
0.0020091012003831564
0.002007978199981153
0.0019362699938938021
0.0019982704077847304
0.0019447276019491256
0.0019715573987923564
0.0020215483964420855
0.0014372672070749105
0.002014721604064107
0.002033758198376745
0.0020338927977718415
0.0020104150054976342
0.0019623964093625546
0.0019910790026187895
0.0019969912013038994
0.0021029156050644815
0.002021498396061361
0.0020200034021399917
0.002027361607179046
0.002017426595557481
0.0020384973962791265
0.0020227335975505412
0.0019788984092883764
0.0019818136002868413
0.0020159950014203786
0.002034323604311794
0.00200366759672761
0.0019731173990294336
0.0020220539998263122
0.00202770980540663
0.0020078417961485683
0.0020246010040864348
0.0020646392018534242
0.00197310900548473
0.001946072594728321
0.001970281999092549
0.0020229862071573733
0.0019598973914980887
0.0020310773979872465
0.0020111724035814403
0.001931473205331713
0.0020273222005926074
0.0019640828017145396
0.0020071416045539083
0.002016540605109185
0.001943504996597767
0.0020072979968972504
0.002044708200264722
0.0020086603937670587
0.0020181774045340715
0.0019693409907631577
0.001897909794934094
0.0020213959971442817
0.0019515075953677296
0.0020112582016736267
0.002023161400575191
0.002012442599516362
0.002039395400788635
0.002005205804016441
0.0018916851957328617
0.0019572410034015774
0.0019966799998655917
0.0019777823938056825
0.0019925819942727685
0.002000986400526017
0.002052455593366176
0.0019772480009123683
0.0020195820019580425
0.001991743594408035
0.0019773228093981745
0.0019801285932771863
0.0019691369961947203
0.001953671604860574
0.001988964399788529
0.00186718360055238
0.0018764852080494165
0.0019964972045272587
0.0020320564042776825
0.0019837289932183922
0.002040928404312581
0.002010160603094846
0.002018753602169454
0.0020253134076483547
0.0020321896066889168
0.0018842055927962066
0.0019664069986902177
0.002062671398743987
0.0019880236010067164
0.0019449710031040012
0.0020182042033411564
0.0020233716000802814
0.0019938268000259996
0.0020117118023335935
0.002046972804237157
0.0019974042079411447
0.001956810394767672
0.0020128745934925975
0.002010505401995033
0.0019462195923551917
0.0020017673959955573
0.0020021991920657458
0.0020013769972138107
0.002021772600710392
0.00202193179866299
0.0020434321952052413
0.002031102403998375
0.0019657850032672288
0.0020090189995244146
0.002050952799618244
0.0020386819960549474
0.002018317801412195
0.002027323399670422
0.0019753691973164677
0.0019512008060701192
0.001973344199359417
0.002044142200611532
0.0020192782045342027
0.0020154247991740703
0.002077657403424382
0.0020035012043081225
0.002024544193409383
0.0020022753975354134
0.0020325296092778443
0.0020310656051151454
0.0020118084037676455
0.0020199802005663515
0.0020301511976867914
0.0020610256004147233
0.002071200800128281
0.001929187006317079
0.002055581205058843
0.001988972001709044
0.0019986171973869205
0.00199080960592255
0.0020470094052143393
0.0020753097953274844
0.001929668802767992
0.0020155615988187493
0.002005448390264064
0.0020085572032257915
0.002004083397332579
0.002007235994096845
0.001974926609545946
0.0020602648030035196
0.0019781567971222103
0.001983130199369043
0.0020035505993291737
0.0019941195962019263
0.001998471806291491
0.001994675793685019
0.001938408799469471
0.0020228895940817893
0.0020419070031493904
0.0020074729924090206
0.0019452114007435738
0.0020020573982037606
0.0020344107993878423
0.0020304752048105
0.0020000034011900423
0.001961366203613579
0.0019701057928614317
0.0020398981985636057
0.0020168470102362333
0.0019669470028020443
0.0020486642024479806
0.002043910406064242
0.0019408917985856533
0.0020109648001380266
0.001953129994217306
0.0020000440068542956
0.002011594199575484
0.0020200951956212522
0.002023809403181076
0.0020174361998215318
0.0019389070104807616
0.0020100056077353655
0.001959151995833963
0.00201986120082438
0.0020084621966816483
0.0020544209983199835
0.0020788940018974245
0.0019601635984145107
0.001944726996589452
0.0020265639992430805
0.0019757380010560154
0.0020236951997503637
0.0020244284067302944
0.0019676488009281456
0.002021270804107189
0.0020255934097804127
0.0023304961971007286
0.002130228595342487
0.00200209739850834
0.002009414404165
0.0019748767954297364
0.002013994997832924
0.0019810062018223106
0.00201240120222792
0.0019864471978507936
0.002029188792221248
0.0021184292039833964
0.0020305610029026865
0.00201633560936898
0.0020322934025898574
0.0020254489965736864
0.0020448211929760874
0.002018196997232735
0.002100148401223123
0.0019837483996525407
0.0019784064032137396
0.002051284397020936
0.0020259423996321856
0.0020144600071944295
0.0020274830050766466
0.001962333603296429
0.0020210259943269195
0.0021109074004925787
0.00204553019721061
0.002018180803861469
0.0020122494082897902
0.002012262202333659
0.0020395476021803916
0.002020325802732259
0.0020294337999075653
0.0020211628056131304
0.0023577598039992154
0.0020268179941922426
0.001980353402905166
0.001989388407673687
0.0020411086035892366
0.002008827798999846
0.0019852573983371257
0.0020013711997307836
0.0020100230001844467
0.0020447187940590083
0.0020312806009314954
0.0020287664025090634
0.0020476745907217265
0.002018283202778548
0.002018224005587399
0.002023049199488014
0.002029024006333202
0.002013526193331927
0.002017440600320697
0.00197370620444417
0.0020025350037030875
0.0020858530071564017
0.0019025426008738577
0.002052136801648885
0.0020404243958182635
0.0019634874071925877
0.0019691957975737752
0.0020357753965072334
0.0020167284063063564
0.0020098082022741437
0.001947561209090054
0.0019944343948736787
0.002026228595059365
0.0020324775949120523
0.002027478802483529
0.0019999591982923447
0.002000510797370225
0.002050033991690725
0.002011843607760966
0.0020052744075655937
0.0021172540029510854
0.0020411486038938165
0.0019904220011085273
0.002002738800365478
0.001956664805766195
0.0019655150012113155
0.0019954464049078526
0.0019995014066807927
0.0019530402030795812
0.0020028988015837967
0.0020140951965004206
0.00195608219364658
0.00194566179998219
0.002017054206226021
0.0019838836044073103
0.0020205470034852626
0.001995109999552369
0.0020004246034659445
0.0020088483928702773
0.002010958595201373
0.0019872682052664457
0.0019813204067759215
0.0020193543983623385
0.002020596596412361
0.0019572139950469135
0.0019912461983039977
0.002011187805328518
0.0019955446012318136
0.001963847200386226
0.0019938196055591106
0.0020061034010723233
0.0020497811958193777
0.002055868599563837
0.002018380002118647
0.0020363123971037568
0.0019978619995526968
0.0020086918026208877
0.0020203124033287166
0.0020290827960707247
0.0019911031937226652
0.0020096950000151994
0.00202328700106591
0.001999292999971658
0.001979657402262092
0.0020201551960781217
0.002000594791024923
0.0020267918007448316
0.001974205195438117
0.0020125240087509157
0.0020057438057847323
0.00196592080174014
0.002027947606984526
0.002000125008635223
0.0019866333925165234
0.0020502826082520187
0.001966032001655549
0.0020228667999617755
0.0019733179942704737
0.0019901877967640758
0.002021713193971664
0.002026645606383681
0.0020145652000792325
0.0020652542007155716
0.0018878235947340726
0.002007823798339814
0.002073034003842622
0.0019651922048069537
0.00200799839803949
0.002016793005168438
0.002029318199492991
0.0020392636070027947
0.001986545801628381
0.00201112279901281
0.0019645744003355505
0.0019834592007100583
0.0019879673956893383
0.002011273999232799
0.001966690400149673
0.0019689557957462966
0.00203241400886327
0.001959092798642814
0.00203395439311862
0.0019427297986112535
0.001978579803835601
0.001969217008445412
0.0020148416049778463
0.0019475318025797606
0.0019974614027887584
0.002005684399046004
0.002026981394737959
0.0020027023972943427
0.0019973596092313526
0.0020950905978679656
0.0019893853925168513
0.001981949992477894
0.0020212456001900136
0.0020153402001596987
0.001961195608600974
