average_runtime 0.002288697016693186
0.002312338596675545
0.0022984917974099516
0.002296606998424977
0.002298510610125959
0.0023030342068523168
0.002296015992760658
0.0022959841997362675
0.002291041996795684
0.0022970419959165156
0.002238157601095736
0.0022810937953181565
0.002289077406749129
0.0022403607959859072
0.0022905724006704988
0.002288722200319171
0.002282352407928556
0.0022894377936609088
0.002289103192742914
0.0022888874053023757
0.0022894008085131644
0.00228105679852888
0.002285176794975996
0.002287484798580408
0.0022834555944427847
0.0022932523977942766
0.0022898299968801437
0.002283461799379438
0.0022866240004077555
0.0022897567949257793
0.002282091008964926
0.0022825406049378216
0.002284441399388015
0.0022924058022908865
0.0026453156024217606
0.002293253201059997
0.0022945820004679264
0.0022913870052434504
0.0022808152018114923
0.0022823164006695153
0.002287557197269052
0.0022874905960634353
0.0022820562007836998
0.002286100201308727
0.002274173602927476
0.0022824499988928436
0.002290396997705102
0.0022836313932202757
0.0022794488002546133
0.0022825835971161724
0.0022835055948235094
0.002278479200322181
0.002242523804306984
0.0022938326001167297
0.0022846202016808094
0.0022805677959695458
0.002289107197429985
0.002285698603373021
0.002281354204751551
0.0022953614010475577
0.002297641395125538
0.002290578791871667
0.002294890000484884
0.0022982103982940316
0.0022898238035850226
0.0022488281945697965
0.002300856402143836
0.002409952599555254
0.0022981096059083938
0.0022705157985910772
0.002237347001209855
0.0022833104012534022
0.0028522176085971295
0.0022837686003185807
0.0022804765962064267
0.0024488736060447993
0.002291124197654426
0.00229002000996843
0.002277455397415906
0.0023180813994258644
0.0023018094012513756
0.002285340800881386
0.0022815136006101968
0.0022881333949044346
0.0022818367928266526
0.002608686196617782
0.0022878138115629554
0.0022886595921590923
0.002294388599693775
0.002292283799033612
0.0022812204086221756
0.002294810407329351
0.0022859964054077865
0.0022539755911566315
0.002250835404265672
0.002273700397927314
0.0022702045971527696
0.0026476434082724153
0.0022777511971071363
0.002236788801383227
0.002278646407648921
0.0022827769978903236
0.002286479400936514
0.002272634406108409
0.0022748737945221366
0.0022316640010103584
0.0022884816047735513
0.0022742387955076993
0.0022776257945224644
0.0029731728020124136
0.002273445809260011
0.0022822418017312885
0.00227679320378229
0.0022784324013628066
0.002276839595288038
0.0022861754056066274
0.002268042601644993
0.002282389800529927
0.002272518607787788
0.0022678621928207575
0.0022754407953470947
0.002274326200131327
0.002279546798672527
0.0022773769916966556
0.002267578593455255
0.0022699709981679915
0.0022664021933451297
0.0022688540047965944
0.0022657430032268166
0.0022710394114255905
0.0022633395972661676
0.0022598263924010096
0.0022691439953632653
0.002271250798366964
0.0022707796073518694
0.0022629647981375458
0.0022611043998040257
0.0022662534029223025
0.002264398999977857
0.0022674235980957745
0.0022699750028550626
0.0027854395913891493
0.002267276996280998
0.002273169404361397
0.0022665752097964288
0.002244784007780254
0.0022396855987608434
0.002235178602859378
0.0022394971922039984
0.002231252402998507
0.002230773994233459
0.0022337820031680168
0.0021947395987808706
0.002238450001459569
0.0022343570017255843
0.0021950306021608413
0.0022359345923177896
0.00261446179356426
0.0022344843950122596
0.002229705406352878
0.0022374207968823613
0.0021951778093352915
0.0022417358006350694
0.0021966774016618728
0.0022418568027205766
0.0022379490081220867
0.0022266139974817635
0.0022469484014436603
0.00223238660255447
0.0022361955954693256
0.0022393369930796326
0.0022787321940995753
0.0022787081892602147
0.0022819578065536917
0.002231043204665184
0.0022900150041095914
0.002282163198105991
0.002275620202999562
0.0022665043943561614
0.002249382995069027
0.0022916294052265584
0.002272806002292782
0.0022683925926685333
0.0022723347996361555
0.0022724867914803324
0.002286134602036327
0.0022693904000334443
0.0022691425983794034
0.002269509609322995
0.0022798663936555385
0.002274760603904724
0.0022711756057105957
0.0022796539939008652
0.002460783999413252
0.0023075314005836845
0.00230831119697541
0.00231317620491609
0.0023109517991542817
0.002313332201447338
0.00231546179857105
0.0023091618088074027
0.00231708160135895
0.0022985317977145315
0.0023024973925203085
0.002305645204614848
0.0023081887979060412
0.0023145135957747696
0.0023073140066117047
0.0023024497902952136
0.002300319797359407
0.002292749600019306
0.0023040076019242408
0.0023119702003896237
0.0023163126083090902
0.0023106849985197186
0.0023137021926231682
0.0022931347950361667
0.002295090595725924
0.002276715007610619
0.002281914197374135
0.0022902044001966715
0.002672145399264991
0.002282630396075547
0.0022875315975397826
0.0022823682054877283
0.0022934974054805934
0.002289247198496014
0.0022904554032720627
0.0026416593929752706
0.0022430709912441673
0.0022897798102349044
0.00228406140813604
0.0022863168036565185
0.00229048419278115
0.002284809609409422
0.0026377168018370868
0.0023002251982688904
0.002291138598229736
0.0022884183912537993
0.002290617604739964
0.0022794362041167913
0.0022365106036886574
0.002239542198367417
0.0022836435935460033
0.00227817160775885
0.002285072603262961
0.002291926194448024
0.0022790396003983917
0.002325265796389431
0.002236998197622597
0.0026560968020930887
0.0022874895948916674
0.0022642644005827607
0.002214056008961052
0.0022589789936318994
0.0022507803980261086
0.002283292799256742
0.002921230997890234
0.0022353398031555115
0.002278405800461769
0.002280818799044937
0.0022832951974123715
0.0022754092002287506
0.0022848063963465393
0.0022837075986899434
0.002243087405804545
0.0022839682060293853
0.0022834922070614993
0.002646321605425328
0.0022886969964019954
0.002290813997387886
0.0022829991998150946
0.0022883765981532634
0.0022445512004196644
0.002239777403883636
0.0026607427978888156
0.0022757667931728063
0.0022891151951625944
0.0022377178072929384
0.002284927398432046
0.002285521198064089
0.0022869806038215757
0.002290144399739802
0.002287317195441574
0.0022941466071642936
0.0022347146063111723
0.002281856397166848
0.0022877624025568364
0.002297019609250128
0.0022846883977763353
0.0022800266044214366
0.002286063798237592
0.0022888703970238566
0.002287174202501774
0.0022808196023106574
0.0022929509985260667
0.002286326396279037
0.0022824669955298304
0.002288323605898768
0.0022880906006321313
0.002287141198758036
0.002295866806525737
0.002748671197332442
0.0023005138034932317
0.0022446681978181005
0.002297387004364282
0.002300700207706541
0.0022950064041651784
0.0022937456029467284
0.002250712807290256
0.0022051659994758665
0.0026478357962332667
0.0022020570002496244
0.002252160606440157
0.002247806603554636
0.0022481649997644127
0.002247147203888744
0.0022659686044789852
0.0022555188043043017
0.0022689419914968313
0.0026108590071089567
0.002249723207205534
0.0022610443993471563
0.0022552484064362944
0.002251146000344306
0.00225907739950344
0.0022705534007400273
0.0022703833994455634
0.002256314002443105
0.0029142705956473947
0.002258636604528874
0.002261254598852247
0.0022581513971090318
0.0022713759914040565
0.002269158198032528
0.0022582791978493335
0.002254359796643257
0.002260478609241545
0.0022594855981878936
0.0022626689984463154
0.0022657606052234767
0.0022888740058988333
0.002293149405159056
0.0022959762020036576
0.002283965400420129
0.00225746959913522
0.0022448049974627795
0.0022411518031731246
0.002284080593381077
0.0022751384065486492
0.0022720375913195313
0.002276839397381991
0.00227205459959805
0.00224140880163759
0.0022340765921399
0.0022516511962749064
0.00225342019693926
0.0022718962049111725
0.0022715473896823823
0.0022737819934263827
0.002268454199656844
0.002265095000620931
0.0022819987963885067
0.002267519209999591
0.0022781337960623206
0.002260683197528124
0.0022651297971606255
0.0023358297999948262
0.0022854715934954584
0.0022858266020193696
0.0026372291962616146
0.0022854106035083534
0.002284079801756889
0.0022859763936139642
0.002289903594646603
0.0022843156009912493
0.002233732596505433
0.00226798839867115
0.00226762619568035
0.002623155398759991
0.002273273398168385
0.0022701782057993115
0.002262321801390499
0.0022762052016332746
0.0022668180055916308
0.002276078599970788
0.0022753597935661674
0.002275952394120395
0.002619767002761364
0.0022685365984216332
0.0022636053967289627
0.002274268795736134
0.002268117794301361
0.0022771119954995813
0.002283402800094336
0.0022852241992950438
0.0022814296069554986
0.0022793142008595167
0.002279661002103239
0.002278630994260311
0.0022660139948129654
0.0022314090048894284
0.002281793800648302
0.0022887476021423935
0.0022757473983801902
0.002279112604446709
0.002277865190990269
0.002281893999315798
0.002271415002178401
0.002277876390144229
0.0022754978039301933
0.0022782130050472914
0.002278512401971966
0.002278864395339042
0.002264612808357924
0.002270068193320185
0.002277191600296646
0.0022705116076394915
0.0022733059944584967
0.0022669284022413193
0.0022767244023270904
0.0022656418033875523
0.0022795817931182683
0.002282460196875036
0.002263941999990493
0.0022650234051980076
0.002267587196547538
0.0022533950046636163
0.0022472476004622875
0.0022588474093936384
0.0022552023991011085
0.002270791004411876
0.0022659289999864994
0.002292668400332332
0.0022869629901833832
0.0022818334051407873
0.0022784755914472044
0.0022774462006054817
0.0022795415949076413
0.002285852003842592
0.00228072659811005
0.0022781435982324183
0.002279056003317237
0.002924659207928926
0.0022745538037270306
0.0022669071913696826
0.002280911197885871
0.0022780274040997027
0.00227974820882082
0.002227680594660342
0.0022389257908798756
0.0022475498029962183
0.0022483178065158425
0.002252425404731184
0.0022471030009910465
0.0022451995988376438
0.0022404951974749564
0.0022099501919001343
0.002235155797097832
0.0022380873910151423
0.002240146801341325
0.0022397321998141708
0.002246027602814138
0.0022459100000560284
0.0022362658055499196
0.002240381797309965
0.0022350177983753382
0.002197034808341414
0.0022279049968346953
0.002197005203925073
0.002247983997222036
0.0022403063951060174
0.002238855801988393
0.0022443969966843723
0.0022377603920176624
0.0022483272012323143
0.0022369122016243637
0.002275712403934449
0.002270271594170481
0.0022651962004601955
0.0022136714076623322
0.00226319000357762
0.002265518193598837
0.002275341807398945
0.0022458805935457347
0.0022599900024943055
0.0022203943924978377
0.002265224209986627
0.0022684841998852788
0.002267474599648267
0.002257693198043853
0.0022670381935313345
0.0022582617937587203
0.0022626737947575746
0.0022605006000958384
0.0022695814026519657
0.0022697614040225744
0.0022715202067047358
0.002258681401144713
0.002214446198195219
0.0022610746091231704
0.002260211599059403
0.002275058999657631
0.0022730565979145467
0.0022624973906204106
0.0022783922031521797
0.0022852368070743977
0.0022796249948441984
0.0022773565957322716
0.0022718447959050535
0.002996655402239412
0.0022852952009998263
0.0022674679988995195
0.002266575791873038
0.0022646302008070053
0.0022716642008163033
0.002266746002715081
0.0022632144042290746
0.0022727964096702635
0.0022596877999603747
0.002254979603458196
0.002269798598717898
0.0022652696003206073
0.0022635529981926083
0.002261702995747328
0.002270753204356879
0.002261196996551007
0.0022615419933572412
0.0022612552042119206
0.002264076401479542
0.0022668910096399486
0.0022666297969408332
0.002263171994127333
0.0022246063919737933
0.0022699919994920493
0.0022670917911455034
0.002269867795985192
0.0022717701969668267
0.002296824799850583
0.002219666598830372
0.002273509604856372
0.00226785100530833
0.0022587817977182565
0.002257872198242694
0.0022669249912723897
0.0022701769950799642
0.0022627927944995465
0.002265319204889238
0.002261172793805599
0.0022656435961835087
0.0022604908095672726
0.002620208798907697
0.0022542117978446184
0.002271831803955138
0.002257658599410206
0.002260938007384539
0.002269027999136597
0.002264131198171526
0.0022648427984677255
0.002272405393887311
0.002252565196249634
0.002267705195117742
0.0022747411974705757
0.0026124777970835565
0.002265915193129331
0.002268721396103501
0.002258368406910449
0.002257058001123369
0.002233171195257455
0.002268570801243186
0.002263387793209404
0.0022721090004779398
0.0022292710025794806
0.0022773846052587033
0.0022624540026299654
0.0026424834039062263
0.002264876593835652
0.0022593660047277807
0.0022166859940625726
0.002264319802634418
0.002285803994163871
0.002258785208687186
0.002268965798430145
0.0022228189976885916
0.002258799597620964
0.0022673951927572487
0.002264416601974517
0.0026277665980160235
0.0022502175997942686
0.0022609167965129016
0.002259470394346863
0.0022694427985697984
0.002269910997711122
0.0022682629991322757
0.0022590875974856316
0.0022721112007275225
0.002259245200548321
0.002257584000471979
0.0022578442003577948
0.002257431403268129
0.0022650995990261434
0.002263258001767099
0.002259650407359004
0.0022699939901940523
0.0022689532022923233
0.002271191799081862
0.0022343805991113185
0.002243405603803694
0.002234959800262004
0.0022401968017220497
0.002249837596900761
0.002240015799179673
0.002244863798841834
0.0022450663964264095
0.0022367766010574996
0.002196946402546018
0.00224107300164178
0.0022493153926916422
0.0022435727994889023
0.0022576885996386407
0.002256485598627478
0.0022604817990213633
0.0022627503960393367
0.002257567597553134
0.002246605197433382
0.0022277750074863436
0.002260830602608621
0.00226019840920344
0.002260064193978906
0.0022687448072247207
0.0022642636089585722
0.0022605280042625963
0.0022100503905676306
0.0022556622046977282
0.0022597962059080602
0.002257251797709614
0.0029303490067832173
0.0022477825987152755
0.0021948202047497034
0.002241384005174041
0.00224410779774189
0.0022437682026065888
0.00224336520768702
0.0022481057909317314
0.0022383994073607028
0.0022469474002718925
0.002247624599840492
0.0022413361934013666
0.0022386602009646594
0.0022499285987578332
0.0022898346069268882
0.0022927835932932796
0.0022906332043930886
0.002300428994931281
0.002295807597693056
0.0022944082040339707
0.0022822114056907593
0.002286836598068476
0.0022572927991859615
0.0022588535910472276
0.0022452063974924387
0.002247243595775217
0.0022421960020437837
0.00224384079920128
0.002242636401206255
0.002236875193193555
0.0022382551920600235
0.002248351206071675
0.002242202800698578
0.002244328404776752
0.0022421457921154796
0.0022382880095392467
0.0022284289938397706
0.0022338641923852266
0.0022472198004834356
0.002244972204789519
0.002235870610456914
0.0022408628021366893
0.002237033599521965
0.002191530598793179
0.0022407416021451355
0.002239350602030754
0.0022447922034189104
0.002252340002451092
0.00258843480842188
0.0022532984032295643
0.0022413796046748756
0.002248380403034389
0.002243715198710561
0.002245492790825665
0.002234535804018378
0.0022661987924948333
0.002267356205265969
0.002264248998835683
0.002259577205404639
0.0022648384096100927
0.002257551799993962
0.002272967994213104
0.002264002396259457
0.002277447993401438
0.0029228443978354334
0.002260947204194963
0.0022672141902148725
0.0022644079988822343
0.002271438599564135
0.0022669039899483323
0.002258309000171721
0.002269968995824456
0.0022699219989590347
0.0022738224011845886
0.0022519342019222677
0.002269736002199352
0.0022652479936368765
0.0022142436006106435
0.0022605551988817752
0.002276664599776268
0.002268779999576509
0.00226514880778268
0.0022585028083994983
0.002256961993407458
0.0022863973979838194
0.0022486642003059385
0.0022300906013697384
0.0022895926027558743
0.0022871948080137373
0.0022895870031788947
0.0023053170065395535
0.0023052840027958156
0.0022953027975745497
0.0022814602009020744
0.002292967401444912
0.0022902161930687726
0.0022957519977353513
0.002301366801839322
0.0022950813989154996
0.002288114803377539
0.002292957401368767
0.0022924844059161844
0.002291836205404252
0.002683423401322216
0.0022982405964285134
0.002280616608913988
0.002244361990597099
0.002285323804244399
0.0022825335967354477
0.00229580239392817
0.0022872576024383306
0.002282992599066347
0.002292589598800987
0.0022903937962837516
0.0022833539987914264
0.002287907397840172
0.002274947997648269
0.0022905405960045753
0.0022796957986429335
0.0026311766006983815
0.002284970402251929
0.0022976113948971035
0.0022908495971933006
0.0022860698052681984
0.0022891542059369384
0.00259328898973763
0.0022941221948713066
0.002282053604722023
0.0022914364002645017
0.002288415003567934
0.002286954794544727
0.002279518393334001
0.0022798354038968682
0.0023003187961876392
0.0022848916007205842
0.0026393527979962526
0.00228665079921484
0.002280414605047554
0.0022813898045569657
0.0023037869948893787
0.0022911565960384906
0.0022815742064267396
0.0023132033995352684
0.002299345005303621
0.002300460799597204
0.002294584189075977
0.0022924102027900516
0.002293925790581852
0.002236095000989735
0.002279957407154143
0.0022915457957424223
0.0022983848000876607
0.0022818083991296588
0.0022871766006574033
0.0022876840084791183
0.002293288998771459
0.0022856013965792954
0.002247275004629046
0.0022852902067825196
0.0022851145942695437
0.002293592598289251
0.002283542591612786
0.002273553796112537
0.0022888907929882406
0.0022447227966040373
0.002244295203126967
0.002248580998275429
0.0022474598023109137
0.0022466872003860773
0.0022489796043373643
0.002254274603910744
0.002261951006948948
0.002274738601408899
0.002264933194965124
0.002260808798018843
0.002270860003773123
0.0022605253965593875
0.0022741545923054217
0.002265482605434954
0.0022652044077403843
0.0022682887967675923
0.0022658010013401507
0.002258127403911203
0.0026159422006458042
0.0022534799994900824
0.002257213194388896
0.002257079596165568
0.0022606329992413523
0.002255454601254314
0.002262137201614678
0.0022539395955391227
0.0022464157897047698
0.002237958996556699
0.0022362212068401275
0.0022405788069590924
0.0022863746038638056
0.002286083996295929
0.002294974192045629
0.0022884691949002444
0.00265387580730021
0.0023016948020085693
0.002257075998932123
0.0022505533997900784
0.0022659349953755735
0.002257736399769783
0.002212683204561472
0.0022588867926970125
0.002255489397794008
0.002255228196736425
0.0022638550028204916
0.0022629048093222083
0.0022633480024524034
0.0022559485980309544
0.002249790797941387
0.002252252190373838
0.002635073603596538
0.002257110399659723
0.002257979998830706
0.0022636138019151986
0.0022664075950160623
0.0022560046054422855
0.002262413001153618
0.002264155598822981
0.0022602368029765786
0.0022561833960935474
0.002252877806313336
0.0022557483986020087
0.002256607997696847
0.0022607760038226843
0.002258160407654941
0.002254896005615592
0.0029535820009186863
0.002287839201744646
0.0022725137998349963
0.0022652706014923752
0.002275000000372529
0.0022681406000629066
0.0022618839982897045
0.0022169360076077283
0.0022520045982673763
0.002257779589854181
0.002256722399033606
0.0022578103933483364
0.0022592752007767557
0.002210405399091542
0.002261685801204294
0.0022088094032369555
0.002252901601605117
0.0022584103979170324
0.002892645797692239
0.002254156197886914
0.0022571414010599256
0.002246939402539283
0.0022528860019519923
0.0022484504035674034
0.0022832817980088294
0.0022908668033778667
0.002286498202010989
0.0022747818031348286
0.002295308792963624
0.0022800361970439554
0.002279981004539877
0.0022844339953735473
0.0022852031979709864
0.0022873385925777255
0.002308807196095586
0.002278584404848516
0.0022857286036014556
0.002233961992897093
0.0022834739997051657
0.002289971790742129
0.0023032087949104605
0.002284152805805206
0.0022852578083984556
0.0022818583995103834
0.0022840680088847876
0.002260531601496041
0.0023083131993189452
0.0022809969959780574
0.0022891705972142517
0.0022732509998604654
0.002288589801173657
0.002282580197788775
0.0022715374012477695
0.002278559794649482
0.002282255596946925
0.0022848686086945234
0.0023099313955754043
0.0022800622042268514
0.0022876673960126937
0.0026859845966100693
0.0022837737924419343
0.002284694591071457
0.0022826830041594802
0.002280921791680157
0.0022860803990624847
0.0022763782064430414
0.002291798801161349
0.0022455521975643933
0.002284091606270522
0.002277871803380549
0.002293091989122331
0.0022789239999838175
0.002284803008660674
0.002243636001367122
0.002276409196201712
0.0022836482035927474
0.0022401795955374836
0.0022810015943832695
0.0022943374002352356
0.002283482195343822
0.0022796612000092866
0.0026471983990632
0.0022443794063292445
0.0022789729991927743
0.00229294840246439
0.0022376994020305574
0.0022908883984200656
0.0022849067929200826
0.002288746600970626
0.002284814603626728
0.0022849667933769525
0.0022888125968165696
0.0022365862037986516
0.0022817990044131874
0.002295699599198997
0.002282593597192317
0.0022421239991672337
0.0022808409994468093
0.0022857417934574187
0.0022900372045114637
0.002211983606684953
0.0022717487998306753
0.0022736486047506333
0.002279322000686079
0.0022835616022348405
0.0022771201911382377
0.002318727201782167
0.0022307347971946
0.0022888467996381224
0.0022825243999250234
0.0022751671960577367
0.002229264797642827
0.0022878817981109023
0.0022788713918998837
0.0022790569928474724
0.002267313003540039
0.002272067195735872
0.0022760362015105786
0.0022868771920911968
0.0022743059904314577
0.0022810186026617886
0.0022729324060492217
0.0022831141948699953
0.002275162993464619
0.0022838333970867097
0.0022747380076907574
0.0022750711999833585
0.0022277750074863436
0.003002617391757667
0.0022799698053859174
0.0022295164060778918
0.002277568599674851
0.0022732120007276533
0.002266929403413087
