average_runtime 0.0008988281218800695
0.0011273117997916415
0.0011125233490020038
0.001114787848200649
0.0011090840998804197
0.0011122016003355384
0.0011067940009525045
0.0011104729521321133
0.0011053886002628133
0.0011069658998167143
0.0010922428482444957
0.0008944775006966665
0.0009230822004610672
0.0008807160513242707
0.0008728215500013903
0.000872598250862211
0.0008733154507353901
0.0008735568990232423
0.0008821982977678999
0.0008766644517891109
0.0008744395978283137
0.000872902901028283
0.0008731538022402674
0.0008767713501583785
0.0008725706022232771
0.0008781038515735418
0.0008753459493163973
0.0008773402485530823
0.0008736241987207904
0.0008727256004931405
0.000876054450054653
0.0008743920014239847
0.0008746361505473033
0.0008751087007112801
0.0008739612472709269
0.0008747694490011781
0.0008755365008255467
0.0008797007496468723
0.0009846647502854467
0.0008808031998341903
0.0008767784485826269
0.0008834520005621016
0.0008867876487784088
0.0008790823514573276
0.0008811331499600783
0.0009722196002257988
0.0008785638521658257
0.0008792891021585092
0.0008807006001006812
0.0008776758011663332
0.0008815325505565852
0.0008779280498856679
0.0008797828020760789
0.0008812346990453079
0.0008784103993093595
0.0008786054007941857
0.0010007429984398187
0.0008782890014117584
0.000878051100880839
0.0008833427011268214
0.0008798646013019606
0.0008792680979240686
0.0008859496010700241
0.0008837172499625012
0.0008831765502691269
0.0008805625984678045
0.0008831638988340273
0.0008818319503916428
0.0008871146477758884
0.0008874733524862677
0.001016624498879537
0.0008853467996232211
0.0008840116002829746
0.0008835930493660271
0.0008857561013428494
0.0008840244001476095
0.0008833628497086465
0.0008850173006067052
0.0008805621997453273
0.0008829383499687537
0.000880244150175713
0.0008843168994644657
0.0008903464011382311
0.0008815469511318952
0.0008805165998637676
0.0008823760494124144
0.0008832363993860782
0.0008840883994707838
0.0008908707502996549
0.0008913673518691212
0.0008817738009383902
0.000881605249014683
0.0009912244509905576
0.0008775776484981179
0.0008774866990279406
0.0008844866999424994
0.000880472149583511
0.0008860114990966395
0.001002458349103108
0.0008838967012707144
0.0008804173499811441
0.0008850844023982063
0.0008859663503244519
0.0008840408001560718
0.0008858370478264987
0.0008828754507703707
0.0008832409512251616
0.0008823493000818417
0.0008823354000924155
0.0009766069008037448
0.0008797982503892854
0.0010029073018813506
0.0008785459009232
0.00088097229890991
0.0008891216508345679
0.0008876194508047775
0.0008830336009850726
0.000883852198603563
0.000881588549236767
0.000885976551217027
0.0010061569017125293
0.0008803522505331784
0.0008857000007992611
0.0008802212978480384
0.0008793454500846565
0.0009933069522958249
0.0008838345995172859
0.0008780411997577175
0.0008810441999230534
0.001005184100358747
0.0009996943495934828
0.000883600750239566
0.000887909551966004
0.0008841219503665342
0.0008819316019071266
0.0008872581005562097
0.0008850490994518623
0.0008821195980999619
0.0008823841024423018
0.0008773264504270628
0.000879219698254019
0.000885071701486595
0.0008790760999545455
0.0008822597505059093
0.000885869050398469
0.0008817407477181404
0.0008838587993523106
0.0008782232995145023
0.0008820478513371199
0.000885635448503308
0.0008839296991936862
0.0009471002500504256
0.0008839278016239405
0.0008828568999888376
0.0008800075011095032
0.0008771194523433223
0.0008757848496316001
0.0008782239485299215
0.0008797215501544997
0.0008840527501888573
0.0008835118002025411
0.0008818705973681062
0.0008873359998688102
0.0008854348008753732
0.0008895056991605089
0.0008879643981344997
0.0008834120002575218
0.0008873118989868089
0.0008831803017528728
0.00088030754995998
0.0010042049514595419
0.0008800772979157045
0.0008791303000180051
0.0008846745477057993
0.0008817808498861268
0.0008849728503264487
0.0008848043013131246
0.000885902700247243
0.0008815542008960619
0.0008844282012432814
0.0008837248489726335
0.0008830997481709346
0.0010262066003633662
0.0008825697499560192
0.0008808094513369724
0.0008841217000735924
0.0008753944508498535
0.0008788153500063345
0.0008826824487186968
0.0008803350006928668
0.0008813868509605527
0.0008812854503048584
0.00088525534956716
0.0010013602499384434
0.0009810998511966319
0.0008829064492601902
0.0008862132002832368
0.0008818112983135507
0.0008817864494631067
0.0008825747499940917
0.0008837433997541666
0.0008811948006041348
0.0008807076985249296
0.0008788478007772937
0.0008795079513220117
0.0008821213501505554
0.0008799126488156616
0.0008779899508226663
0.0008885175979230553
0.0008789284998783842
0.0008858371496899053
0.0008923004003008828
0.0008863453491358087
0.0008850515499943867
0.0008815578505164013
0.0008820536982966587
0.0008829818485537544
0.000880004299688153
0.000881758501054719
0.0008801123010925948
0.0008822331496048718
0.0008839636982884258
0.000880157551728189
0.0008844354510074481
0.0008896874001948163
0.0008805985999060795
0.0008852879516780376
0.0008851632010191679
0.0008813001011731103
0.0008835776010528207
0.0008834931999444961
0.0008842321985866874
0.0008820635004667566
0.0008847971999784932
0.0008848442987073213
0.0008760058990446851
0.0008782609482295811
0.0008771008986514061
0.000881039202795364
0.0008879433997208252
0.0008853047009324655
0.0008866390504408628
0.0008856433007167653
0.0008859207504428923
0.0008863146998919546
0.0008849406003719196
0.0008817741007078439
0.0008799846487818286
0.0008834212989313528
0.0008776949514867737
0.0008797742979368195
