average_runtime 0.00207204672426451
0.0020104074035771193
0.0020011483924463392
0.0019400398014113307
0.002014828601386398
0.0019842965994030237
0.0019811227917671203
0.002044380805455148
0.0020688257995061577
0.0020510214031673967
0.0020561672048643232
0.0020715015940368175
0.0020261195953935386
0.002081557991914451
0.002060066000558436
0.0020186905981972813
0.0020185810048133136
0.002018158801365644
0.00203735699178651
0.002033556206151843
0.002032235194928944
0.0020819899975322185
0.0020929798018187286
0.002060069399885833
0.001968745794147253
0.002008359204046428
0.0020342175965197386
0.0020270571927540003
0.002051571605261415
0.002074708405416459
0.0021115505951456726
0.0020635919994674624
0.002065928198862821
0.0020372747909277677
0.002034245594404638
0.0020913452026434243
0.0020706045906990767
0.0020306390011683106
0.002081462589558214
0.0020923724048770966
0.0020970492041669786
0.0020872498047538103
0.00206352201057598
0.002082830399740487
0.0020701586036011577
0.0020433051977306604
0.002052705199457705
0.002058183599729091
0.002028791804332286
0.002042186795733869
0.002032222994603217
0.002092845202423632
0.002082935208454728
0.0020049760001711547
0.0020705015980638565
0.0021203789976425467
0.0020496190059930085
0.002026192401535809
0.002027697209268808
0.002082882006652653
0.0020729840034618974
0.0021040900028310716
0.0020655466010794043
0.0020449862000532447
0.002074414200615138
0.0020719858002848923
0.00207424140535295
0.002065575192682445
0.0020736009930260478
0.0020580127951689065
0.0020624540047720075
0.002063695003744215
0.002089910802897066
0.002038511191494763
0.0020634382031857967
0.0020569900050759317
0.0020608354010619224
0.0020322041935287418
0.002080774400383234
0.0020434897975064813
0.0020913898013532163
0.0021006550057791175
0.002081434999126941
0.002095092204399407
0.002062511397525668
0.002087669400498271
0.002051841001957655
0.002059046400245279
0.002059574192389846
0.0020642803981900217
0.0020736314007081093
0.0020427271956577897
0.002100218192208558
0.0024122842005454004
0.0020837913965806366
0.002067178802099079
0.0020466263988055287
0.002086325199343264
0.0020850561908446253
0.002054045209661126
0.0020606996025890113
0.0020354106090962887
0.00207722740015015
0.00206715859239921
0.0020497356075793506
0.0020156975951977074
0.0020055052009411156
0.0020238218014128504
0.0020116389961913226
0.002028353197965771
0.0020201624021865426
0.002056434995029122
0.002035509399138391
0.0020425408030860124
0.0020487754023633896
0.002069826400838792
0.0020864475984126328
0.0020699507906101642
0.002082998398691416
0.002037327806465328
0.002048916998319328
0.002073795604519546
0.0020477376063354315
0.0020644083968363704
0.002062331605702639
0.002051467204000801
0.0020679338020272555
0.002050900796893984
0.0020617255941033363
0.0020581518067047
0.002101207198575139
0.0020934921922162175
0.0020635448046959935
0.0020938652101904153
0.002037233195733279
0.0020446580019779503
0.002343555202241987
0.002020039805211127
0.0020299928029999135
0.0020506549975834788
0.0020440351916477086
0.0020320800016634167
0.0020551889901980758
0.0020458527957089244
0.0020529612083919346
0.002044087601825595
0.0020875648013316097
0.0020789330010302365
0.002082248998340219
0.002074127399828285
0.0020512450020760296
0.002059654600452632
0.0020654230029322207
0.002057426003739238
0.002069777389988303
0.0020444876048713923
0.0020949259982444347
0.0020604760036803784
0.002041981799993664
0.002071658195927739
0.00205612659920007
0.0020827643922530113
0.0020406332099810244
0.0020062881987541912
0.0020195648074150087
0.0020315248053520917
0.002043506596237421
0.0020665840012952684
0.0020417100051417945
0.0020219019963406025
0.00204461159883067
0.0020214559976011516
0.00204255540156737
0.0020264100050553678
0.002026994794141501
0.002040517400018871
0.002072895993478596
0.002099650993477553
0.002082362398505211
0.0020514060044661163
0.0020524100051261484
0.001977240003179759
0.0020390859921462835
0.0020513743977062402
0.0020291749970056117
0.0020773531985469164
0.0020555127994157374
0.0020595820038579403
0.0020642863935790958
0.0020391351892612873
0.002032510389108211
0.0020871000015176833
0.0020250723930075763
0.002049977204296738
0.002047271199990064
0.002376683603506535
0.0020527446060441433
0.002053625392727554
0.002068035793490708
0.0020839356002397835
0.0020906926016323268
0.0020617660018615426
0.0020521102007478474
0.002076279802713543
0.002063515002373606
0.0020370366051793098
0.0020478312042541804
0.0020629015984013678
0.002069208398461342
0.0020446449983865024
0.0020591126056388022
0.002030365599785
0.0020583215984515844
0.00207025179406628
0.0020822308026254175
0.002084288198966533
0.0020607589976862073
0.0020841835997998715
0.002097261999733746
0.0020635437918826937
0.002082803996745497
0.0021010633907280864
0.002082496997900307
0.0020981008070521056
0.0021026375936344264
0.002114627999253571
0.0020621377974748612
0.0020629442064091564
0.0020995113998651506
0.0020779316080734135
0.0020417229970917106
0.0020647241966798902
0.002078651008196175
0.0020516337943263354
0.002059729001484811
0.002053084608633071
0.002075282402802259
0.0020545815932564437
0.002059906593058258
0.0020458181970752776
0.0020516317919827996
0.0020733634009957314
0.0020707249990664423
0.0020380067988298835
0.002093525789678097
0.002083856798708439
0.002074792399071157
0.0020827902015298607
0.002067419793456793
0.002080005197785795
0.0021042793989181517
0.0020751615986227987
0.0020502218045294284
0.00209587860153988
0.0020857298048213126
0.002087698201648891
0.0021033674012869595
0.0021273077931255103
0.0020888169994577764
0.002073451201431453
0.00206797260325402
0.002068393595982343
0.0020708570023998617
0.0020671164034865796
0.002108653006143868
0.002118104393593967
0.002074604597873986
0.002095180796459317
0.002085176599211991
0.0021300475928001106
0.0020785136031918226
0.0020732151926495133
0.002050166402477771
0.002063199202530086
0.0020625869976356624
0.0020244705956429243
0.002098925202153623
0.0021048328024335207
0.0020765713998116553
0.002080882806330919
0.002104828006122261
0.0020615979912690817
0.002112127793952823
0.0020954355946741997
0.0020770210074260833
0.002074671606533229
0.002061936003156006
0.0020837177988141777
0.002098118606954813
0.0020490258000791075
0.0020856417948380114
0.0020997639978304504
0.002082590595819056
0.002110506407916546
0.0020718747982755303
0.002095810801256448
0.0020731055992655456
0.002066521591041237
0.0020856161951087414
0.0020461536012589933
0.0020519874058663847
0.0020660258014686406
0.002094610792119056
0.002060377993620932
0.0020573377958498897
0.002083429996855557
0.0020581130054779352
0.002060499205254018
0.002066259807907045
0.0020789757953025402
0.0020887057995423674
0.0020685252035036682
0.0020568773965351284
0.002041780005674809
0.0020272605936042963
0.002039614203386009
0.002025514002889395
0.0020255763898603617
0.002042255597189069
0.002032894198782742
0.00205215880414471
0.0020461934036575258
0.0020415122038684786
0.002068518789019436
0.0020600858028046788
0.0020247392007149757
0.002043433196377009
0.0020304431905969977
0.002054679999127984
0.002374627604149282
0.0020482414052821695
0.0020520435995422305
0.0020645819953642786
0.0020749261952005328
0.0020700057968497275
0.0020696547930128873
0.0020412269979715346
0.0020394518040120603
0.002059434598777443
0.0020483194035477935
0.00203781999880448
0.0020352457999251784
0.0020618738024495544
0.0020415032049641013
0.0020376491942442954
0.0020755573990754784
0.0020485255983658133
0.00206601939862594
0.0020706214010715483
0.0020937316003255546
0.002090597804635763
0.002082348789554089
0.002086395805235952
0.002060846798121929
0.002069687400944531
0.0020359198097139597
0.0020548222004435957
0.002054624992888421
0.0020519965910352767
0.002078132994938642
0.0020715354010462763
0.002033989003393799
0.0020615091896615924
0.0021202874020673336
0.002068660198710859
0.002073392807506025
0.0020684530027210712
0.002077804191503674
0.002079936605878174
0.0020579891977831723
0.002056194806937128
0.0020649922080338
0.002027099800761789
0.002021889202296734
0.002058120199944824
0.002065829199273139
0.002055714000016451
0.0020555252092890443
0.0020726988092064857
0.002048498601652682
0.0020490880007855592
0.002063611405901611
0.0020950204110704363
0.0020846395986154676
0.002084255195222795
0.002069795993156731
0.0020813274080865086
0.0020851837936788796
0.0020541017991490664
0.0020888246013782918
0.0020685186027549207
0.002062106202356517
0.002057902596425265
0.002072321204468608
0.002047950599808246
0.002045687206555158
0.0020518500008620323
0.0020805283915251494
0.0020650334074161945
0.0020637221983633935
0.0020330219995230436
0.0020473366021178663
0.002084314008243382
0.0020752809941768646
0.002062793995719403
0.0020658739958889782
0.002058561996091157
0.00207728180103004
0.002063186001032591
0.0020656735985539855
0.002055398398078978
0.002044971601571888
0.0020573106012307107
0.0020166107919067145
0.0028261733939871194
0.002031008806079626
0.0020859159994870424
0.0020697274012491107
0.0020566510036587717
0.002040155604481697
0.0020462720072828232
0.0020298535935580732
0.002026696992106736
0.002074277389328927
0.0020502489991486073
0.002072852198034525
0.0020913382060825823
0.0020713196019642053
0.002062150405254215
0.0020436512073501944
0.0020790250040590764
0.002054068201687187
0.0020360930007882415
0.0020539653953164814
0.0020549991982989012
0.002056439791340381
0.0020681869937106967
0.0020513999974355102
0.00205108979716897
0.002076116402167827
0.0020523309940472245
0.002050492400303483
0.0020672298036515714
0.0020286447950638832
0.00204732840647921
0.002051303593907505
0.0020230736001394687
0.0020738443941809236
0.002101100597064942
0.0020722267916426064
0.002085335005540401
0.00205505940830335
0.0020826290012337266
0.002092807402368635
0.00212331919465214
0.002104024006985128
0.002069208398461342
0.002113890601322055
0.0020793371950276196
0.0020566569990478458
0.002077318402007222
0.002068931993562728
0.0020956136053428055
0.0020943058072589336
0.0020913573913276195
0.002088689408265054
0.0020834146067500114
0.002066174999345094
0.0020585380028933288
0.002069674199447036
0.0020799288060516117
0.0020636543980799616
0.0020876775961369276
0.002067524800077081
0.002064111200161278
0.0020510559901595117
0.0020592145971022545
0.002010893996339291
0.0020495977951213717
0.002054819802287966
0.002065104804933071
0.0020413647987879814
0.0020294139976613224
0.0020366727956570687
0.002062595007009804
0.0020675168023444714
0.002070310793351382
0.0020608579972758887
0.0020568114006891845
0.0020427745999768375
0.002065857802517712
0.0020773147931322455
0.0020500599988736213
0.0020456576021388173
0.0020657273940742015
0.002047975198365748
0.002061952208168805
0.0020833897986449303
0.0020715716062113644
0.002068830793723464
0.002053067600354552
0.002045117795933038
0.0020753184100612996
0.00203428219538182
0.002050128602422774
0.0020518982084468005
0.0020483501954004168
0.002045769605319947
0.002095469809137285
0.002090214996133
0.0020534760085865857
0.0020908711943775416
0.0020831571891903877
0.0020885071950033306
0.002077552000992
0.002089876600075513
0.0020854420028626917
0.0020798039971850813
0.0020858120056800543
0.002087208000011742
0.0020401073968969287
0.0020478538004681467
0.0020347240031696858
0.0020800665952265263
0.002079137193504721
0.0020862377947196364
0.0020721156033687294
0.0020808382076211275
0.002118636399973184
0.0020908972015604376
0.0020714704063721
0.0020751493982970716
0.002135059202555567
0.002084193390328437
0.0021158843999728562
0.002087288408074528
0.0020986244082450865
0.0020907870028167965
0.002094407205004245
0.0020786473993211984
0.0020804706029593943
0.002066281600855291
0.0020749144023284316
0.0020626606070436536
0.0020512968068942426
0.0020757618010975422
0.0020410735975019633
0.002056598605122417
0.0020653259940445422
0.0020546764018945394
0.0020669710007496177
0.002074705995619297
0.0020578942028805615
0.0021008239942602812
0.0021152248024009167
0.002080572594422847
0.0020785161992534994
0.00208220100030303
0.00209241840057075
0.002105292596388608
0.002085063001140952
0.002088810398709029
0.0021058398066088556
0.0020672834012657403
0.002071320393588394
0.002091794996522367
0.0020714821992442014
0.002083396806847304
0.0020573460031300785
0.002085585007444024
0.002104843792039901
0.002059809200000018
0.0020611530053429306
0.0021008976036682725
0.0021052959957160054
0.002072953199967742
0.0020901315961964428
0.002087868598755449
0.0020766571979038417
0.002097779593896121
0.0021034416044130922
0.002095997205469757
0.0020866731996648014
0.0020873147994279863
0.0021026414004154505
0.002091238205321133
0.002088611596263945
0.002415142208337784
0.002097759395837784
0.002114441990852356
0.002094782795757055
0.00208161158952862
0.0020764576038345695
0.0020504472078755496
0.0020793171948753296
0.002068840805441141
0.0020815682015381753
0.0020693925907835364
0.0020449908100999893
0.0021125604049302637
0.0020740706007927657
0.0021105882013216616
0.0020436107995919885
0.0020836876006796955
0.002087036403827369
0.002086266200058162
0.0021122972015291453
0.002096128393895924
0.002103253803215921
0.002087704197037965
0.0021022540051490067
0.002092403790447861
0.002099011209793389
0.0020994178019464018
0.002120531804393977
0.0020865591941401362
0.002062767604365945
0.002095417201053351
0.0020820084027945995
0.002094084199052304
0.002102283202111721
0.0020860966062173246
0.0020572897978127004
0.0020585467922501267
0.002069809997919947
0.002134395600296557
0.002071978198364377
0.002095197991002351
0.0020836959942243994
0.0021171256084926426
0.002086939790751785
0.0021033589961007237
0.0020724027999676764
0.00210935699287802
0.002073951007332653
0.0020751120056957005
0.00204210759839043
0.0021041456027887763
0.0020434336038306355
0.0020904554054141044
0.002075615408830345
0.0020917065907269717
0.002105661598034203
0.002090287604369223
0.002102029195521027
0.0020947182085365055
0.0024083202006295323
0.002104856795631349
0.0020937631954438983
0.002139212202746421
0.0021011281991377474
0.002106218400876969
0.002097022603265941
0.0020858275936916472
0.002129289205186069
0.002079650410450995
0.0021066591958515345
0.002091065200511366
0.002078531391452998
0.0020937304012477397
0.0020764446002431215
0.0020595265901647507
0.0020847029983997343
0.0020688331918790937
0.002110117801930755
0.0020751837990246715
0.0020955013926140962
0.0020699747954495253
0.002084012795239687
0.0020909290062263606
0.0020534603972919285
0.0020868598017841577
0.0020509694004431367
0.002054414199665189
0.0020536405965685843
0.002047952602151781
0.0020782310049980877
0.0020671550068072976
0.0020709587959572675
0.002069449005648494
0.0020859876065514983
0.0020835340023040772
0.0020819336059503257
0.0020558163989335297
0.0020747872069478033
0.002083121193572879
0.002083314803894609
0.002106892201118171
0.002112550602760166
0.0020731223979964853
0.002062812994699925
0.002054376993328333
0.002084758202545345
0.002071202010847628
0.0021134414011612533
0.0020921305986121297
0.002100432594306767
0.002058106800541282
0.002084934606682509
0.0020641245995648206
0.0020512299961410463
0.0020915032015182077
0.002052634209394455
0.0020767780020833015
0.0020518889999948443
0.002082466008141637
0.0021026011905632912
0.0020529035944491627
0.002067034400533885
0.002048474608454853
0.002075098000932485
0.0020635494031012057
0.0020593669964000584
0.002033010800369084
0.0020440711989067493
0.002018704800866544
0.0020285199978388848
0.00212449599057436
0.0020497643970884384
0.002082741807680577
0.002042395598255098
0.002384781592991203
0.0020596209913492204
0.0020479461993090807
0.0020644032047130167
0.0020541455945931376
0.0020857485942542553
0.00206000319449231
0.002057877602055669
0.002077603794168681
0.002045514399651438
0.0020815956057049336
0.002052785607520491
0.0020578627940267325
0.0020658819936215877
0.0020546130021102727
0.0020442240056581795
0.0020660617970861494
0.002057649800553918
0.002032049000263214
0.002087653591297567
0.0020365289994515477
0.002063509402796626
0.002058117394335568
0.0020598606090061365
0.0020485092070885004
0.002029857994057238
0.0020590742002241313
0.0020351252052932976
0.002041325403843075
0.0020488135982304812
0.002111125597730279
0.0020638435962609947
0.002077586203813553
0.0020723292022012175
0.0020369673962704836
0.0020502218045294284
0.0020427181967534124
0.002063132997136563
0.002062133396975696
0.002043403801508248
0.0020603426033630966
0.002056855405680835
0.002030063001438975
0.0020563202095218005
0.002026385406497866
0.0020102620008401574
0.002072242007125169
0.002031724201515317
0.002072322997264564
0.002061230398248881
0.0020685179973952473
0.0020433404017239807
0.0020342982024885714
0.0020323798060417177
0.002065048599615693
0.0020716804079711436
0.002024131000507623
0.0021064171916805206
0.0020926901954226194
0.002409440407063812
0.0020784353953786196
0.002070193795952946
0.002092942001763731
0.002097570605110377
0.002105703402776271
0.00207667340291664
0.002109683200251311
0.0020778006059117616
0.0020832390058785678
0.0020999729982577263
0.002082076796796173
0.0020561377983540296
0.0020648384001106025
0.002056946395896375
0.0020932787912897764
0.0024191000033169986
0.0020865896018221974
0.002102198195643723
0.002085432002786547
0.0021138524054549633
0.0020785765955224633
0.002096664998680353
0.002074284199625254
0.0020829836023040114
0.0020779160084202887
0.0020626088022254407
0.002080069202929735
0.002069789601955563
0.002086414804216474
0.002081805805210024
0.0020563067984767256
0.002052943396847695
0.002030991204082966
0.002021156204864383
0.0020630429964512585
0.0020374328014440835
0.0020598953939042985
0.002046597993467003
0.0021033165976405144
0.0020836840034462512
0.002099178999196738
0.0020714320009574292
0.0020836425945162775
0.002054614608641714
0.002099753404036164
0.002064888400491327
0.0020665894029662014
0.0020608744001947344
0.002083635190501809
0.0020443698042072354
0.0021058970014564693
0.002061944000888616
0.0020676410058513284
0.0020580930053256453
0.002045798604376614
0.002060464001260698
0.0020606121979653835
0.002058089605998248
0.0020580564043484626
0.002064621797762811
0.002052419807296246
0.0020461192005313935
0.0020614056033082307
0.002053155191242695
0.0020462015992961822
0.002079103805590421
0.0024963062023743987
0.002103692793752998
0.0020868432009592654
0.002135276806075126
0.0020697628031484784
0.0020916048088110983
0.0020682292059063913
0.0020625554025173187
0.0020666925935074686
0.002083414199296385
0.002077637205366045
0.002100348600652069
0.0020590789965353904
0.002072671998757869
0.002066547598224133
0.002062796393875033
0.0020565842045471073
0.002044242201372981
0.0020615278044715524
0.0020823983941227198
0.002060860802885145
0.0020692777936346827
0.0020444632042199372
0.0020613739965483547
0.002077756600920111
0.0020510334055870772
0.002055603195913136
0.0020530833979137244
0.0020400722045451404
0.002056257601361722
0.0020596424001269042
0.0020430296077392994
0.002111477206926793
0.0020979087916202844
0.002077889197971672
0.0021158911986276507
0.002074587997049093
0.0020570679917000234
0.0020644265925511716
0.0020533942035399376
0.002047532005235553
0.0020504837972112
0.0020357136032544076
0.0020591406035237016
0.0020630992017686366
0.0020662148017436266
0.0020598703995347023
0.0020439161919057367
0.00203917040489614
0.002069075603503734
0.0020683581940829756
0.0020597958005964755
0.00201843319227919
0.0020766827976331113
0.0020476227975450454
0.002053078799508512
0.0020454670069739223
0.00203842360060662
0.002089622605126351
0.0020800670026801527
0.002067817409988493
0.002071845799218863
0.0020955384010449053
0.0020926512079313397
0.0020612512016668916
0.0021033762022852898
0.002078013599384576
0.0020850049913860857
0.0020747926086187364
0.0020614195964299142
0.0020627744030207395
0.002052989206276834
0.002051316201686859
0.002042264398187399
0.002043678192421794
0.002065392199438065
0.002062502200715244
0.0020743835950270293
0.0020790413953363897
0.0020575911970809103
0.0020849350024946035
0.002065158204641193
0.002062479394953698
0.0023806190001778305
0.002074065408669412
0.002066557004582137
0.002057386201340705
0.0020804631989449263
0.0020928787998855114
0.0021190910018049182
0.0020661382004618645
0.0021107854088768365
0.002087919390760362
0.0020845548016950486
0.0020964718074537813
0.0020807704073376953
0.002070147998165339
0.0020734169986099003
0.0020731066004373135
0.002048931608442217
0.002054513804614544
0.002082953997887671
0.0020843422040343284
0.0020907582016661762
0.0020606624078936876
0.0020900978008285163
0.00210243200417608
0.0020638343994505703
0.002075190201867372
0.0020621140021830795
0.0020677390042692424
0.0020510987960733473
0.002060336002614349
0.0020783861982636154
0.002104146603960544
0.0020919575938023625
0.002074395201634616
0.002095602406188846
0.0020887495949864386
0.00207320679910481
0.0020741828018799426
0.0020813591894693674
0.0020497906021773814
0.0021023804089054464
0.002102535602170974
0.002122747199609876
0.0020987958065234124
0.0020660659996792675
0.002079316391609609
0.0020763915963470936
0.00208428839687258
0.0020845373976044355
0.002048661990556866
0.0020692126010544596
0.0020917495945468544
0.002046958589926362
0.0020915317931212486
0.002056895603891462
0.0020616331952624024
0.0020785112050361932
0.0020467755966819823
0.0020815322059206665
0.002064126799814403
0.002063630404882133
0.0020631332066841424
0.0020714940037578344
0.0020747571950778367
0.002080357796512544
0.00208621280035004
0.002086303592659533
0.0020376895903609694
0.0020420226035639645
0.0020530071924440563
0.002050953800790012
