average_runtime 0.0022651705217896956
0.0022882872028276323
0.0022408483899198474
0.002250024594832212
0.0022868511965498327
0.002237358398269862
0.0022427887888625264
0.0023000722052529455
0.0022879775962792335
0.002292077406309545
0.0022842025966383515
0.0022297832067124544
0.002228200004901737
0.0022274589980952443
0.002230676996987313
0.002232611400540918
0.0022336279973387716
0.00223812380572781
0.0022259392077103256
0.0022847071988508104
0.0022272011963650586
0.0022840723977424204
0.002278127789031714
0.0022373882005922497
0.002254278608597815
0.0022835780051536857
0.0022521861945278944
0.0022383500006981196
0.002232048998121172
0.0022990296012721954
0.0022582967998459936
0.002242714399471879
0.0022385301999747753
0.0022946428041905166
0.002239752793684602
0.00224039179738611
0.002241592202335596
0.0022437161998823283
0.002283164591062814
0.002276758197695017
0.0022511960007250307
0.0022484646062366663
0.002245097199920565
0.0022351176012307405
0.002226959599647671
0.0022424971917644142
0.002237372996751219
0.002240791998337954
0.0022375482018105685
0.002291052194777876
0.0022451714030466974
0.0022488801972940565
0.0022941004019230602
0.0022890903986990453
0.0022414627950638534
0.002285626996308565
0.002237357397098094
0.002251562604214996
0.002243991405703127
0.002292909799143672
0.0022365123964846133
0.0023015670012682676
0.0022644406068138777
0.0023302335990592836
0.0022468538023531436
0.00231161619303748
0.00230226960266009
0.002259590197354555
0.0022875780006870626
0.0022531484020873902
0.002245753991883248
0.002296104398556054
0.002281142200808972
0.00223684620577842
0.002298507792875171
0.0022505944012664258
0.0022427639923989773
0.0022906644036993383
0.0022348119993694125
0.0022400887915864586
0.0022929657949134707
0.0022461579996161164
0.002239493594970554
0.002241905394475907
0.002240223600529134
0.002243533602450043
0.002246568398550153
0.0022894387948326766
0.002244246401824057
0.0022386110038496556
0.0022924809949472547
0.0022427055984735487
0.0022815427975729106
0.0022384340059943496
0.0022432330064475537
0.00224577080225572
0.0022914765984751286
0.0022471479955129326
0.002236887195613235
0.0022412721998989584
0.002234769600909203
0.0022810298018157483
0.0022356654051691295
0.0022470643976703285
0.002236403606366366
0.002238792402204126
0.002233676798641682
0.0022328235907480122
0.0022318360046483577
0.0022406954085454345
0.002287982392590493
0.002198170800693333
0.002243848599027842
0.0022418420063331722
0.002244746405631304
0.002245168201625347
0.0022487362031824885
0.002235274203121662
0.0022743816021829843
0.002254117000848055
0.00224253220949322
0.002239704609382898
0.0022492368007078767
0.002236647403333336
0.0022347455960698426
0.002246209199074656
0.002244524599518627
0.002238036599010229
0.0022777733975090086
0.002252277603838593
0.0022443820023909213
0.0022342678043060006
0.002282213803846389
0.0022483061999082564
0.002234593604225665
0.0022408587974496186
0.002235998399555683
0.002250190998893231
0.002238027600105852
0.0022447258001193405
0.002248559205327183
0.0022352974046953022
0.0022279861965216695
0.002242062403820455
0.002239583001937717
0.0022358158021233976
0.0022475386038422586
0.002238462190143764
0.002235584193840623
0.0022391425911337135
0.002237065206281841
0.0022872793953865765
0.00223327319836244
0.002249472599942237
0.0022463695961050687
0.00224417420104146
0.0022424630005843937
0.0025982988066971303
0.0022385509917512538
0.002230509393848479
0.002230459195561707
0.0022467470029368997
0.002291896799579263
0.0022488531889393927
0.0022430310025811197
0.0022841229918412866
0.002245919802226126
0.0022427611984312534
0.002287235006224364
0.0022375828004442154
0.0022819335921667517
0.0022465514019131662
0.002242405794095248
0.0022860569995827975
0.002226267196238041
0.00228216340765357
0.002291405794676393
0.0022308368002995848
0.0022409782046452164
0.0022545112064108253
0.0022366499993950128
0.0022563605918549
0.002292376209516078
0.0022900425945408644
0.002234806993510574
0.0022780607920140027
0.0025920853950083256
0.0022433702019043268
0.0022346605896018446
0.0026679871953092515
0.0022308357991278173
0.002245262800715864
0.0022875591996125875
0.0022329483996145426
0.002234094392042607
0.0022278073942288757
0.0022850300068967045
0.002231428201775998
0.0022272853995673357
0.0022285422077402473
0.0022308995947241785
0.0022749637952074408
0.0022164846071973444
0.002223898796364665
0.002633336593862623
0.002274105593096465
0.0022329423925839366
0.0022288140025921166
0.0022247146000154315
0.00222833399893716
0.0022341971984133125
0.0022268175962381065
0.0022460138075985014
0.002231386408675462
0.002221199404448271
0.002293892006855458
0.002232287009246647
0.0022226750035770236
0.0022219707956537605
0.00264804819598794
0.00226966260233894
0.002274991408921778
0.0022281967918388545
0.0022247691988013683
0.002227236796170473
0.0022408860037103294
0.0026546198059804738
0.002282244001980871
0.002240162203088403
0.0022342964075505733
0.0022329780040308833
0.0022299216012470423
0.002232168207410723
0.0022819806006737055
0.0022308691986836493
0.0022401003981940447
0.002233355399221182
0.002233081602025777
0.002205386001151055
0.0022428116062656045
0.0022418161970563233
0.002608323795720935
0.0022205658024176955
0.00223183399066329
0.0022709096083417535
0.0022357973968610166
0.002227426401805133
0.0022288272040896116
0.0022289845976047216
0.002275588596239686
0.002219814609270543
0.0022765701985917987
0.002222500799689442
0.0022315936046652498
0.002232708199881017
0.002279418800026178
0.0022277535987086593
0.0022241892060264946
0.002227071998640895
0.0022835433948785065
0.0022851060028187932
0.002284206205513328
0.0022712185978889464
0.002281811600551009
0.002286166592966765
0.002236187201924622
0.002279041602741927
0.0022794595919549466
0.002236849197652191
0.0022321166004985573
0.0026503787958063185
0.0022378557943738995
0.0022364528034813703
0.0022829473949968816
0.002236547798383981
0.0022840738063678147
0.002232792193535715
0.0022321766009554267
0.0022214932017959655
0.0022287008003331723
0.0022789989947341383
0.00223884719889611
0.002228622802067548
0.002233934204559773
0.00264713839860633
0.0022389882011339068
0.0022309194086119533
0.0022313667926937343
0.002230691199656576
0.0022692683967761697
0.0022679912042804064
0.0022659923997707665
0.002220008394215256
0.0026152755948714913
0.002270137995947152
0.0022729655960574747
0.002215662004891783
0.002220958797261119
0.0022530579939484597
0.002255867002531886
0.0022563606034964323
0.002920297207310796
0.0022076728055253625
0.0022165582049638033
0.002259294607210904
0.002219357795547694
0.0022563048056326806
0.0022112239967100322
0.0022147368057630957
0.0022117360029369594
0.0022109413985162973
0.002265287609770894
0.0022166752023622394
0.0029161615995690225
0.002219236001837999
0.002221309405285865
0.0022101133945398033
0.002264878188725561
0.002207226597238332
0.00220857699168846
0.002271033404394984
0.002264439396094531
0.002259588404558599
0.0022158939973451197
0.002253186597954482
0.0022113655926659704
0.0022048574057407675
0.00222100360551849
0.0022190382005646825
0.0022185259964317082
0.002214265405200422
0.0022556612035259604
0.002219023392535746
0.0022126800031401217
0.002555021201260388
0.0022104343981482087
0.002212495205458254
0.0022107596043497322
0.002250511397141963
0.002208309201523662
0.0022009787964634596
0.0022713480051606894
0.0022151099983602762
0.002211038407403976
0.00225103918928653
0.0023437895928509534
0.0022449339972808956
0.0022896263981238008
0.002245529997162521
0.0022464195964857934
0.0022421957924962043
0.002582427195739001
0.002232882601674646
0.00224171340232715
0.002287139801774174
0.002290778199676424
0.0022370040067471566
0.002238509594462812
0.0022373422048985957
0.0022413401980884372
0.002234818402212113
0.002285757998470217
0.002237788599450141
0.0022798142046667634
0.002242036198731512
0.0022870008018799127
0.002245760802179575
0.0022312476066872478
0.0026027378044091165
0.0022449449985288083
0.002274891803972423
0.0022918371949344875
0.0022428166004829107
0.002241326798684895
0.0022828852059319617
0.0022736579994671047
0.0022799080004915597
0.002241870400030166
0.002240809798240662
0.002246147999539971
0.0022881299955770373
0.0022369347978383304
0.002286159002687782
0.0022999397944658993
0.002230521198362112
0.0026073073968291283
0.002231140004005283
0.002244148193858564
0.00223740340443328
0.0022532884031534195
0.0022412451915442945
0.002239741594530642
0.0022215567994862797
0.0022178129991516473
0.0022050449973903597
0.002251103799790144
0.002207337797153741
0.002252928598318249
0.0022449852083809676
0.0022877492010593414
0.0022475115954875948
0.0022412393940612675
0.0030873349984176456
0.0022437327890656887
0.0022418019943870604
0.0025376574019901456
0.0022992645972408354
0.0022354752058163286
0.0022394277970306576
0.0022371629951521755
0.002235625998582691
0.002286796597763896
0.0022319845971651374
0.0022583774058148264
0.00224030539393425
0.0022859212011098863
0.0022350295912474394
0.0022366521996445956
0.00223518080310896
0.0023018339998088777
0.002237039990723133
0.0022842240054160357
0.0022833987954072655
0.0022793350042775275
0.0022417890024371443
0.0022844327962957323
0.002271925995592028
0.0022103804047219457
0.002209357195533812
0.002257806807756424
0.002258168603293598
0.00222362179774791
0.002213191194459796
0.0022513646050356328
0.0022162643959745764
0.00227157159242779
0.0022150668082758784
0.0022168993949890138
0.0025506151956506073
0.002212397800758481
0.0022072384017519653
0.0022075719898566604
0.0022603355930186806
0.00224984580418095
0.0022080900031141936
0.0022236760007217525
0.002212675998453051
0.002213971596211195
0.002209726197179407
0.0022083102026954292
0.0022611259948462246
0.0022552763926796614
0.0022525530075654387
0.0022049469989724457
0.002254294801969081
0.0022258926066569982
0.0021985972067341208
0.0022630210034549235
0.0022153967991471292
0.0022644084063358607
0.002210625004954636
0.0022085584001615643
0.0022090836078859865
0.002951965190004557
0.0022238072007894514
0.002214083797298372
0.0022725441958755255
0.002223653998225927
0.0022264353930950163
0.0022218446014449
0.002224798803217709
0.002215929003432393
0.002223518199753016
0.0022322815959341822
0.002246331190690398
0.002201348403468728
0.002189690596424043
0.002618970803450793
0.0022020892007276415
0.0021988897933624685
0.0022487681941129266
0.0022457516053691505
0.0021963899955153464
0.002242427202872932
0.0022033957997336985
0.0022032142034731804
0.0021972556016407905
0.00224292780039832
0.0021921830018982293
0.002250090998131782
0.002191484603099525
0.0021974281989969313
0.0022083236020989717
0.002194135601166636
0.0022459110012277963
0.0021922093932516874
0.0021946761989966035
0.0022115950006991623
0.0025970182032324374
0.0022464181995019315
0.0022015262045897545
0.0022399464040063323
0.002189150801859796
0.002201810001861304
0.0022051967913284897
0.002195330196991563
0.0022018524003215136
0.0021937850047834217
0.002200442797038704
0.002529980801045895
0.00221455420833081
0.0022489001974463465
0.0022594477981328965
0.0022061310010030866
0.002248315594624728
0.002249719004612416
0.0022381511982530354
0.002230829792097211
0.0022841705940663815
0.0026608642074279487
0.00224124719388783
0.0022429990000091492
0.0022914231987670062
0.0022375866072252395
0.0022359682014212014
0.002243767399340868
0.0022307961946353315
0.0022383644012734295
0.002238473598845303
0.0022483867942355573
0.002652110194321722
0.0022833816008642318
0.0022339995950460432
0.0022433080011978745
0.0022330751991830764
0.0022329543950036167
0.002235519408714026
0.0022826742031611504
0.002283223601989448
0.002234358596615493
0.002581034193281084
0.0022411964018829167
0.002286077605094761
0.0022414182079955936
0.002238347800448537
0.002220679190941155
0.002204518800135702
0.0022090743994340302
0.002199881407432258
0.0022146085975691676
0.0022039598086848857
0.00258133279858157
0.0022287399973720313
0.0022908353945240378
0.0022494703996926548
0.002241417393088341
0.0022855786024592816
0.002242333791218698
0.0022706054034642873
0.002244466403499246
0.0022914130007848144
0.0022445327951572834
0.002244287997018546
0.002201408799737692
0.002193568809889257
0.0022072923951782287
0.0021988403983414172
0.0021983352024108173
0.0021978511940687895
0.002199226408265531
0.0022088052006438374
0.002198769990354776
0.0030473361955955626
0.0021906779962591826
0.002191350411158055
0.002202987193595618
0.002205079805571586
0.0022498814039863648
0.002196328598074615
0.0022406492033042015
0.00224137119948864
0.002197451004758477
0.0021777504007332027
0.0022423474001698196
0.0022462593973614276
0.0022040197975002227
0.0030222084023989737
0.0022398704080842436
0.0021924593951553107
0.002258317999076098
0.0022002079989761115
0.0022026908001862465
0.0022493128082714973
0.002242250193376094
0.0022458723979070783
0.00219363400246948
0.0021912949974648654
0.002198352199047804
0.0022379499976523222
0.0022001040051691234
0.0021938982070423664
0.0021892077988013626
0.0021938113961368797
0.0021981074009090663
0.002642170200124383
0.0021959202014841138
0.0021931024035438894
0.002195878198835999
0.002244396600872278
0.00221511940471828
0.00219289279775694
0.002204668603371829
0.0022315131966024635
0.002231690404005349
0.0022361762006767095
0.0022229111986234785
0.002267401397693902
0.002232756593730301
0.002583094802685082
0.0022407435928471385
0.002233693201560527
0.0022302753990516067
0.0022772238007746637
0.0022776218014769257
0.0022806768072769048
0.0022795329918153585
0.0022843145998194814
0.002221654599998146
0.002263705595396459
0.0022323612007312476
0.002229575999081135
0.0022204027976840735
0.0029013035935349764
0.0022366220015101134
0.00228912599850446
0.002225973398890346
0.0022290562046691775
0.002232693799305707
0.002275406394619495
0.002230168995447457
0.002222370996605605
0.0022733775898814202
0.0022259572055190802
0.002220048406161368
0.0022177085978910328
0.0022708609933033584
0.002225975797045976
0.0022311031934805214
0.002230307599529624
0.0022338817943818867
0.0029565724078565838
0.002219530800357461
0.0022178019979037346
0.0022154135978780685
0.002205277397297323
0.002217782998923212
0.0022654674015939237
0.0022723754053004088
0.002221447601914406
0.002225165592972189
0.002269305195659399
0.0022144905989989637
0.002266458794474602
0.0022181673906743527
0.0022221236024051903
0.00221420640591532
0.0022242907900363205
0.0022201879997737705
0.0022286682040430607
0.0022637621965259313
0.0022199209895916285
0.0022134068072773515
0.00221179019426927
0.002259110996965319
0.002218671201262623
0.0022779405931942164
0.0022647936013527213
0.0022631473955698313
0.0022570703993551435
0.0022236151969991626
0.002221632597502321
0.002221568790264428
0.0022583632031455635
0.0022181213949806987
0.002221765206195414
0.002572128991596401
0.002212113607674837
0.0022247674060054123
0.0022243223967961965
0.0022318170056678356
0.002216119400691241
0.002211007010191679
0.0022234251955524087
0.002216748206410557
0.002216178202070296
0.002264768409077078
0.0022722269990481437
0.0022584422025829554
0.002213435003068298
0.0025717568001709878
0.00222644479945302
0.0022681606002151965
0.002226837200578302
0.0022642566007561983
0.0022195497993379833
0.0022144385962747037
0.00221113299485296
0.002211670600809157
0.0022683669929392638
0.002214336406905204
0.002222758007701486
0.002270949597004801
0.0022712706006132065
0.0022419897955842315
0.0022316618007607756
0.0022410416044294835
0.0022392069920897486
0.002288801199756563
0.0022962150047533213
0.0022935695946216584
0.002237774198874831
0.0022436297964304685
0.0022920237970538437
0.0022381377988494934
0.002299190603662282
0.0022394597996026277
0.0022829412017017605
0.0022353078005835415
0.002234900800976902
0.002666127192787826
0.002235914405900985
0.002281638199929148
0.0022390370024368165
0.0022328618098981677
0.002289412193931639
0.002237440797034651
0.002234747400507331
0.0022875200025737285
0.0022423972026444972
0.0022482543950900435
0.002248876600060612
0.0022896631970070304
0.0022349881939589976
0.00261756619438529
0.0022433234029449523
0.00229025479638949
0.0022868626052513718
0.002290086809080094
0.0022437161998823283
0.0022842600010335445
0.0022349357954226435
0.002285225607920438
0.0022440784028731286
0.0022336794063448906
0.0022316714050248264
0.002287490607704967
0.0022850329987704754
0.0026506904046982526
0.002232185995671898
0.0022396586020477114
0.0022858291980810464
0.002238070801831782
0.0022837796015664933
0.0022385551943443715
0.00223028059117496
0.0022350233979523183
0.0022450473974458874
0.0022370015969499944
0.0022405372001230717
0.002253893599845469
0.002230891806539148
0.002612099191173911
0.002242300601210445
0.002249318198300898
0.002244037203490734
0.002233952796086669
0.002292856201529503
0.0022410052013583483
0.0022415154031477868
0.0022956392029300334
0.002232884999830276
0.002284266799688339
0.002234215394128114
0.002236659999471158
0.0022336032008752225
0.002228873607236892
0.0022436497965827584
0.0022412961930967867
0.0022344395983964205
0.0022834061994217334
0.0022407287964597345
0.0022877878043800594
0.002235388197004795
0.0022873076028190552
0.002242071402724832
0.002236426202580333
0.002279901609290391
0.0022329519968479873
0.0022324069985188546
0.002239105210173875
0.002231617202050984
0.0022352881962433456
0.0022403129958547654
0.0022379852016456425
0.0022422027890570463
0.0022451922064647078
0.0022363220108672977
0.0022372753941453994
0.0022732069948688148
0.0022568390006199477
0.002266062400303781
0.002222246408928186
0.002216189994942397
0.0022797290002927184
0.0022823342005722225
0.002234989800490439
0.0022333452012389897
0.0031414782046340407
0.002246940799523145
0.002242163405753672
0.002293844404630363
0.0022832112037576733
0.0022518806043080987
0.002244270208757371
0.0022437995998188854
0.002283366199117154
0.002238749398384243
0.0022394364001229405
0.00224564780946821
0.0022433630074374378
0.002246202202513814
0.002239851595368236
0.0022324257995933296
0.002310463401954621
0.0022918601986020803
0.0022386590018868445
0.002234870393294841
0.0022396106040105225
0.00224380959989503
0.0026605968014337122
0.0022442270070314406
0.00223759519867599
0.0022399229928851128
0.002238495810888708
0.002247268194332719
0.0022979001980274914
0.002278512204065919
0.002238802600186318
0.002242285804823041
0.002233381604310125
0.0022943633957765996
0.0022871099994517864
0.002283399400766939
0.002238331804983318
0.002237189596053213
0.0022435187944211065
0.0022756163962185383
0.0022413808037526906
0.002579053002409637
0.002284999005496502
0.0022472059936262667
0.002232650201767683
0.0022843181970529257
0.0023103820043615998
0.0023017264087684453
0.0022433315985836088
0.002294125594198704
0.0022888903971761466
0.0022923654061742125
0.0022429296048358085
0.0022394346073269845
0.002250620804261416
0.0022976053995080294
0.002238460595253855
0.0022403049981221555
0.0022388453944586217
0.0022373263956978915
0.0029070319957099854
0.0022374582011252643
0.0022357409936375914
0.002291406597942114
0.002254730404820293
0.0022334837936796247
0.0022410606034100056
0.002282847405876964
0.0022437133942730726
0.0022890075924806297
0.002249049791134894
0.002248449402395636
0.002281312202103436
0.0022466824040748177
0.0022343483986333014
0.0022363279946148395
0.002243718993850052
0.0022886608028784396
0.0022682558046653867
0.002247516589704901
0.00224147520493716
0.0022466372000053527
0.0022565568098798392
0.0022890764055773618
0.0022817154065705838
0.0022932074032723905
0.002277830196544528
0.0022389612044207753
0.002237173798494041
0.0022288385895080864
0.00224072519922629
0.0022467743954621257
0.0022958819987252354
0.0022398866014555095
0.002249922591727227
0.002247357997111976
0.0022392071899957956
0.0022456804057583214
0.0022325444035232065
0.002239758393261582
0.0022546326043084266
0.0022940526017919184
0.00224331880453974
0.0022466563968919218
0.002295654790941626
0.002243506000377238
0.0022955626016482713
0.002241352805867791
0.002629012195393443
0.00229808259755373
0.0022338688024319707
0.002244306798093021
0.0022928152000531556
0.0022388504003174603
0.0022417761967517434
0.0022329673985950647
0.002233668009284884
0.0022862002020701765
0.0020488226087763905
0.0022513717995025218
0.002255417394917458
0.002244764007627964
0.0022441080072894692
0.002291092195082456
0.0022497648024000227
0.0022381585906259714
0.0022553596063517034
0.002607709006406367
0.002289934596046805
0.0022353182081133126
0.0023068287991918623
0.0022456535953097045
0.0022437934065237643
0.002289802802260965
0.0022476726095192134
0.0022868891945108773
0.002255777595564723
0.0022295253933407367
0.0025346417911350726
0.0022490305942483245
0.0022863156045787036
0.0022367388010025024
0.0022541975951753555
0.0022357359994202852
0.0022440177970565857
0.0022913352004252374
0.0026011558016762137
0.0022905983962118624
0.0023003509966656567
0.002288172603584826
0.0022953855921514334
0.002237912593409419
0.0022842383943498133
0.0022361978073604403
0.002232560596894473
0.0022313961992040275
0.0022322111995890736
0.002202744199894369
0.0021989258006215096
0.002197895396966487
0.002189681399613619
0.0022027118015103043
0.0021974338102154433
0.0021956863929517567
0.0021954323980025946
0.002588553191162646
0.002242615004070103
0.0021942338091321288
0.0022016309900209307
0.002249923802446574
0.002247157006058842
0.002211474603973329
0.002246914990246296
0.0021949953981675206
0.0022378471912816167
0.0022455104044638574
0.0022000874043442307
0.0022311520064249636
0.0022296029957942663
0.002279367600567639
0.0022430763929151
0.0021984749939292668
0.002202088991180062
0.0021844725939445197
