average_runtime 0.0021309155737049877
0.002137243002653122
0.0021736213937401773
0.0021062407991848885
0.0021276470040902497
0.0021516139968298376
0.0021294847945682706
0.0021865519927814605
0.002174302202183753
0.0021196801913902163
0.0020925714052282274
0.002131640398874879
0.0021542998030781744
0.0020115041988901794
0.002111570001579821
0.0021464354009367525
0.002079840807709843
0.0021268132026307286
0.0021122385980561374
0.002162168000359088
0.0021750863990746437
0.0021751421969383954
0.0021787988021969794
0.0021711295936256646
0.0021649522008374334
0.00210828100098297
0.0021247797994874418
0.00205913579557091
0.0021886741975322365
0.0021380300051532684
0.0020985190058127046
0.0021331466035917402
0.002150157990399748
0.0021021235967054962
0.002156726794783026
0.0021160435979254546
0.002101674606092274
0.0021678896038793026
0.0021783124073408546
0.0021536550018936397
0.002224583807401359
0.002068731200415641
0.0020989331998862324
0.0020669320016168057
0.002101567597128451
0.0020996815990656616
0.0021547617972828446
0.0020864784019067883
0.0021044314024038615
0.002160517207812518
0.002087619202211499
0.002198815799783915
0.002078873000573367
0.0021329366019926964
0.0021628623944707215
0.002148940390907228
0.0020720337983220817
0.0021355603937990965
0.0021167724044062197
0.0020953831961378457
0.002079639199655503
0.0020817946060560644
0.002073088404722512
0.00211734400363639
0.002062281989492476
0.0020605238038115203
0.002159022993873805
0.0024721226072870195
0.002133440598845482
0.0020618831971660257
0.002015689597465098
0.0021303049987182023
0.002125844196416438
0.0021563810063526035
0.002095191599801183
0.002138693002052605
0.002076099195983261
0.0021698898053728044
0.002113237197045237
0.002149462606757879
0.0021027488051913678
0.002176886599045247
0.002128995000384748
0.0021032226039096715
0.002081639796961099
0.0020577742019668222
0.0021329986047931015
0.002158446202520281
0.0021244917996227743
0.002113880997058004
0.0020950363948941233
0.002073223399929702
0.0021048074006102977
0.0021083049941807985
0.002119427593424916
0.002186708792578429
0.0022040337906219067
0.002209070394746959
0.0021217345958575605
0.002038140001241118
0.002136612206231803
0.002126877405680716
0.0020517233991995455
0.002093307999894023
0.0021106145926751197
0.0020264812046661973
0.002156899799592793
0.0021712075918912887
0.002105403202585876
0.0020945349941030146
0.002080184209626168
0.0020967507967725395
0.002181608998216689
0.0020620241994038224
0.002084988192655146
0.0021502388059161603
0.002094371197745204
0.002136435394641012
0.0020983751979656517
0.002127194998320192
0.0021205292083323
0.0020792661933228375
0.002113795408513397
0.0020914511987939477
0.0020898974034935236
0.002170286199543625
0.0021148497937247155
0.0020882386015728116
0.002092944795731455
0.002116858202498406
0.002080149401444942
0.0021350438008084895
0.002057613607030362
0.0020490033901296558
0.0021127516054548325
0.0021441882010549305
0.002111511002294719
0.002438297204207629
0.002181830001063645
0.0020836583920754493
0.00226526299957186
0.0021903399960137905
0.00206030880799517
0.0021208506077528
0.002067994198296219
0.002075762010645121
0.002070968400221318
0.0020705748000182213
0.0020658963941968976
0.002153452194761485
0.002125196799170226
0.0021550829987972975
0.0020316821988672017
0.002087203599512577
0.002063610206823796
0.002022880595177412
0.0021058695972897114
0.002112820593174547
0.002039058809168637
0.002124866598751396
0.0021178309922106563
0.0019890808034688234
0.002092376200016588
0.002072487596888095
0.0021492699976079165
0.0020812508068047465
0.002127541997469962
0.002095491602085531
0.0021889525931328537
0.0021001560031436383
0.0021311773918569086
0.002083674003370106
0.0021174250054173172
0.002141706203110516
0.002059149800334126
0.002105190604925156
0.0020597330061718822
0.002040708193089813
0.002147597004659474
0.002178545400965959
0.0021243599941954015
0.0020918774069286885
0.0021100325975567102
0.002104268397670239
0.0021271664067171515
0.002133751194924116
0.002143344795331359
0.002112114802002907
0.0020535393967293205
0.002120085398200899
0.00213399319909513
0.0021730651962570844
0.0020539019955322147
0.002144207409583032
0.0020506319939158856
0.002053365798201412
0.0020557767944410442
0.0021093221963383257
0.002143325994256884
0.0021506110089831052
0.002143575204536319
0.0021253012004308403
0.0021255034022033214
0.002118073997553438
0.0021683771978132428
0.0021851947996765373
0.0021615120000205933
0.0021572842029854654
0.0021489526028744877
0.002080571593251079
0.002084276801906526
0.0021205669967457653
0.002204192406497896
0.002264520793687552
0.0021783427917398514
0.0021630021976307033
0.0020882057957351207
0.0021782365976832805
0.0021560859982855617
0.002110767597332597
0.0021641514031216502
0.0021954929921776055
0.0021901272004470227
0.0020801406004466116
0.002170242206193507
0.00217258200282231
0.0021106461994349957
0.002150963596068323
0.002191454800777137
0.0020976508036255836
0.0021645448054187
0.0021702839992940428
0.0020984295988455415
0.0021607561968266962
0.0020990543998777866
0.0021775841945782305
0.0021982691949233414
0.0021744395955465732
0.0021244091913104057
0.0021293002064339817
0.0021927291993051766
0.002085602201987058
0.002084201795514673
0.0021789122023619712
0.002211971196811646
0.002107855200301856
0.002137132594361901
0.002232725406065583
0.002174128405749798
0.0020634262007661166
0.0021982631995342674
0.0021577210049144925
0.0021070530056022108
0.0020671869977377357
0.0021262926049530504
0.002182390005327761
0.0021458326024003326
0.0021026661968789996
0.002073132200166583
0.002099917992018163
0.002142443403135985
0.0021782277966849507
0.002147151401732117
0.002121320809237659
0.002151449199300259
0.002081771194934845
0.0022204300039447844
0.002139529399573803
0.0021275591920129956
0.0021149686072021723
0.0021805212018080056
0.0021372652030549944
0.002144182799383998
0.0020894416025839745
0.0020822479971684517
0.0021485031931661068
0.0022191046038642524
0.0020862372010014953
0.002065523399505764
0.002081374800764024
0.002170668006874621
0.0021401115925982596
0.0021490782033652066
0.0021118218079209327
0.0020877798087894917
0.002061963395681232
0.002172077202703804
0.002228452393319458
0.0021975092007778586
0.002209998993203044
0.002206917793955654
0.002199914597440511
0.0022075001965276898
0.0020995131926611066
0.0021860106033273043
0.0022161823930218817
0.002125651203095913
0.0021120308083482087
0.002100457204505801
0.00213089199969545
0.0021869820076972244
0.0022059043985791504
0.0020816986099816857
0.002197201596572995
0.002069723792374134
0.0021577410050667824
0.0021669214009307327
0.0021871697972528636
0.002187236410100013
0.0022064254037104545
0.0020637031993828714
0.0021253876038827
0.0020780417951755227
0.0021920133964158594
0.0022025679936632514
0.0022054702043533326
0.0021659387974068524
0.0022063501994125543
0.0021866158000193535
0.00216877720085904
0.0021714352071285246
0.0022027163999155165
0.0022019202006049454
0.0021758318063803015
0.002178674004971981
0.0021921702078543603
0.002165825804695487
0.0021093882038258015
0.0022281985962763428
0.0022110410034656526
0.0021274904021993278
0.002193872001953423
0.0021958473953418434
0.0021055829944089054
0.0021122710080817343
0.002250016003381461
0.0021846825955435635
0.002117178798653185
0.0021457876078784465
0.0021732204011641445
0.0021315325982868673
0.0021474864101037384
0.0021834800019860266
0.0021575337974354624
0.002149071800522506
0.0021978884004056455
0.0021930270013399422
0.002187778800725937
0.0021041090018115937
0.002120655192993581
0.002143163001164794
0.002197758003603667
0.002123763400595635
0.0022146075963973997
0.002085528406314552
0.002200051594991237
0.002185493602883071
0.002229794592130929
0.0021881376043893395
0.0021614804049022497
0.002165892790071666
0.002182731206994504
0.002202179795131087
0.0022122554015368222
0.0021288156043738128
0.0022943328018300234
0.002200922800693661
0.0021258714026771487
0.00220310939475894
0.0022205790039151905
0.0021370633970946074
0.002197404799517244
0.0021343820029869677
0.0021049257949925957
0.0021215651999227703
0.0021391168003901838
0.002090564789250493
0.0021565600065514444
0.002191313588991761
0.002173684199806303
0.002173153799958527
0.0021762454067356884
0.002179784991312772
0.002092807006556541
0.002107285999227315
0.002177628199569881
0.002142577199265361
0.002212838199920952
0.0021705263992771507
0.0021230208105407654
0.0021530519938096405
0.002193301205988973
0.0021766407997347416
0.002200466999784112
0.0021039687911979855
0.0021649595932103694
0.0021347770001739264
0.0021380063961260022
0.0021000825916416945
0.0021843233960680665
0.002190966403577477
0.0020539149991236627
0.0021716560004279017
0.0021251155994832516
0.0021838328102603555
0.002200403599999845
0.002124382404144853
0.0021693001966923476
0.0021580628002993763
0.0021201563999056817
0.0022162416018545626
0.0021196601912379263
0.0020968107972294094
0.0022467629984021186
0.0021828118013218047
0.002154227194841951
0.002099250198807567
0.002129747997969389
0.0021845455979928375
0.0021791814011521637
0.002633703197352588
0.00249426260124892
0.00217495959950611
0.0021082542021758854
0.002183364797383547
0.002084226196166128
0.002143708395306021
0.002196093392558396
0.002180074795614928
0.002130965190008283
0.0021443804027512668
0.0022331197978928685
0.002164402208290994
0.002155170193873346
0.002122138999402523
0.0021097757969982924
0.0021351536037400366
0.0021824946044944225
0.0021364071988500656
0.0021141911973245444
0.002170228399336338
0.0021464844001457097
0.0021196587942540644
0.0023127847933210434
0.002152043394744396
0.002143501804675907
0.0021542489994317293
0.0021782360039651395
0.0021665637963451446
0.0020466128014959397
0.0022109093959443273
0.002164832595735788
0.002220846398267895
0.002141110401134938
0.002163984999060631
0.0021642161998897793
0.0021466218051500617
0.0020620652008801698
0.0021517649991437795
0.00211802979465574
0.002190653805155307
0.0021877294057048857
0.0021866475930437447
0.00215501100756228
0.002182056801393628
0.0021533997962251304
0.0021159600000828505
0.00208245599642396
0.0022274871938861907
0.0020844913902692496
0.002115192206110805
0.0021859560045413675
0.0021582771907560526
0.0022241490078158677
0.002137864800170064
0.002141893992666155
0.002173644595313817
0.002145232807379216
0.0022098712041042747
0.0022276473930105565
0.002067574206739664
0.002095796598587185
0.0021505082026124
0.002101735002361238
0.002078153204638511
0.002114325005095452
0.0020715412101708353
0.002108671993482858
0.002178874996025115
0.0020853785914368927
0.0021861404064111413
0.0021464399993419646
0.0021625300054438413
0.0021815594052895905
0.002179606002755463
0.002166017796844244
0.002199102996382862
0.0021027312031947076
0.0022062135976739228
0.0020782566047273577
0.0022082630079239608
0.0021822234033606947
0.002144375001080334
0.002192260802257806
0.0021963432081975043
0.0021340776002034545
0.0021963785984553397
0.0020997712039388717
0.0020882979966700076
0.0021640641964040695
0.002178147400263697
0.0021611485979519786
0.002089809998869896
0.002240423008333892
0.002176823397167027
0.002174874406773597
0.0021465855999849735
0.002117049798835069
0.0021243916009552775
0.0021009860094636677
0.0022394769941456614
0.002183274191338569
0.0021320418105460703
0.0022004709928296505
0.002166147599928081
0.002103798999451101
0.0021060339990071953
0.002094444795511663
0.0021772969979792834
0.0021476382040418684
0.00221516479505226
0.002099239395465702
0.002171829005237669
0.002110206009820104
0.002182309399358928
0.0021721247932873665
0.0021555933984927834
0.0021271084086038174
0.002208498609252274
0.002106365002691746
0.0021079914062283934
0.0021101469988934695
0.0021857300074771048
0.0022239812067709865
0.0021749216015450657
0.0021304916008375585
0.0021742461947724225
0.00213380140485242
0.002115704002790153
0.002097697800491005
0.002206832403317094
0.002188727993052453
0.002196347794961184
0.002118042600341141
0.002139072201680392
0.002180474402848631
0.002227145596407354
0.002173998404759914
0.002154274203348905
0.002119991392828524
0.002209748001769185
0.0021744647994637488
0.0021182035910896958
0.0021928338101133704
0.002096524799708277
0.002195907395798713
0.002101361600216478
0.0021853041951544585
0.002083625993691385
0.0021704537910409273
0.0022116558044217526
0.002175846800673753
0.0020565590006299318
0.0021149673964828255
0.0021530212019570173
0.0020838893949985506
0.0021005798014812173
0.002137295599095523
0.002036347205284983
0.0021206179982982574
0.0020810727961361407
0.0021317593986168505
0.0021122804027982056
0.0020109319943003357
0.002123575995210558
0.002160144806839526
0.0020996264065615833
0.0025283953989855947
0.002137661399319768
0.0021285976050421595
0.0020814010058529675
0.002100923203397542
0.002053780190180987
0.0020702169975265862
0.0021183390053920448
0.0021214459906332196
0.0021861768094822765
0.002180960599798709
0.002127328002825379
0.002159904397558421
0.002145383204333484
0.0021683745901100336
0.002109882200602442
0.002058026206213981
0.002168672811239958
0.0021679671946913002
0.002179681800771505
0.0021651574061252177
0.0021229097968898714
0.002110368001740426
0.0022064124001190065
0.0021393975941464303
0.0021763783995993437
0.0021601187996566295
0.0021777893998660147
0.002097427996341139
0.002141150599345565
0.002157635800540447
0.002187819208484143
0.0021072459989227355
0.0021609634044580162
0.002137567603494972
0.0021654333919286727
0.0021744340076111255
0.0021477089961990715
0.0020565012004226447
0.0021057822043076156
0.002212304004933685
0.0021273038000799716
0.0021521941991522906
0.002166030800435692
0.0021141191944479944
0.0020638169953599572
0.0021190903964452444
0.002101445395965129
0.002091137005481869
0.002398833411280066
0.002242088597267866
0.002058472007047385
0.0021920352010056376
0.002168097603134811
0.0021318502025678755
0.002140288206283003
0.002180652192328125
0.0021717536030337213
0.002136240398976952
0.002133882394991815
0.0022026157937943937
0.0022199168102815746
0.0021293950034305454
0.002114597195759416
0.002095454593654722
0.0022149241995066404
0.0021686446038074792
0.0022133834077976643
0.002165015006903559
0.00223311900626868
0.002135776006616652
0.0021727704093791544
0.0021123172016814353
0.002112425595987588
0.0021480596042238176
0.0024977557943202553
0.0021789156016893685
0.0021440739976242183
0.0021290029981173575
0.0021275287959724664
0.002126420405693352
0.0021480976021848617
0.002141412999480963
0.0021673495997674764
0.002154682599939406
0.0021336765959858893
0.0021649767993949355
0.0021436442038975656
0.002062825602479279
0.0021469471976161003
0.0021394324023276566
0.0021551969926804303
0.002080929197836667
0.002165990404319018
0.002140427997801453
0.0021452738088555633
0.002204775006975979
0.0021456980030052364
0.002244725392665714
0.0021515387925319374
0.002202659600879997
0.002112940407823771
0.002108229196164757
0.002090696606319398
0.002164924598764628
0.002171320002526045
0.0021401658072136343
0.002140803204383701
0.0021860850043594836
0.0022159282001666726
0.002194507804233581
0.002201650000642985
0.0021752472035586833
0.00214941359590739
0.0021687539992854
0.0021703863982111215
0.002187739801593125
0.0021613404038362204
0.002137890795711428
0.0022057856083847584
0.0022011588094756006
0.0021639066049829125
0.0022031822009012103
0.0021253198035992684
0.0021941327955573796
0.0021347788046114148
0.0020642916089855133
0.002096818597055972
0.0022482628002762793
0.002245266002137214
0.0021360259968787433
0.0020961286034435036
0.0021247996017336847
0.0021710745990276338
0.0020888284081593154
0.0020561694051139056
0.002127320202998817
0.0020932221901603042
0.002135519206058234
0.0021314322017133235
0.0021537103923037646
0.0021173591958358884
0.0020890367915853856
0.002195885602850467
0.0020707780029624702
0.0021177159971557556
0.002083544002380222
0.0020867845974862575
0.0021362989908084275
0.0021040063933469356
0.0021256697946228087
0.00214351040776819
0.0021255481988191605
0.0021214299951680003
0.0021810268051922323
0.001990127004683018
0.002053367404732853
0.0020448631956242027
0.0021231203922070564
0.002061306405812502
0.0021401416044682263
0.002150368399452418
0.0020750383962877096
0.0021129581960849463
0.0021456636022776365
0.002155793400015682
0.0021937111974693834
0.0021310770069248976
0.0021014082012698054
0.0021145943901501596
0.0020391023950651287
0.0021258183987811208
0.002131903392728418
0.002124552603345364
0.0020451124059036375
0.002019865601323545
0.002170177805237472
0.002030488208401948
0.002114578802138567
0.002086021995637566
0.0021387038053944708
0.002082367590628564
0.0021459894021973016
0.0021376956021413205
0.0021272240090183915
0.002137233200483024
0.0020854283939115703
0.0021484405966475605
0.0020348937949165704
0.002092310390435159
0.0020484289969317617
0.002068747207522392
0.0020912243984639645
0.0021035345969721677
0.0021164623904041946
0.0021302292007021606
0.002138489403296262
0.0020125958020798863
0.002120912598911673
0.002036638802383095
0.002051441604271531
0.0021111525944434105
0.0020590828033164145
0.0020625204080715774
0.0021549327997490765
0.002039019193034619
0.002007135807070881
0.0020767879905179143
0.0021279183914884926
0.0021366636035963895
0.0021340100094676016
0.0020391108002513645
0.002157093002460897
0.0021691772039048375
0.0020682718022726476
0.0021864310023374856
0.0020786270033568144
0.002051742607727647
0.002074511395767331
0.0020607979968190193
0.0020727438037283718
0.002124657400418073
0.0020238530007191
0.0020867742015980182
0.0020569182001054288
0.0021279789973050354
0.0021205557975918056
0.002076185797341168
0.002050049998797476
0.0020881967968307434
0.002127656398806721
0.0021520014037378133
0.002083989791572094
0.002097789803519845
0.002057377598248422
0.00204963160213083
0.002136887807864696
0.002093808411154896
0.0020772870047949255
0.0020460766041651367
0.0020896177971735596
0.0020456130034290252
0.0021294430014677347
0.0021192674059420822
0.0021139243966899813
0.002106065396219492
0.0020528397988528015
0.0020345248049125075
0.0021059002028778195
0.002119877201039344
0.0021276806015521287
0.0020852920017205177
0.0020405638031661512
0.002085869002621621
0.002001614193432033
0.002206691796891391
0.0020442947978153827
0.002109629800543189
0.002056455996353179
0.002068393002264202
0.002085670409724116
0.002115832408890128
0.0020964824012480675
0.0021204957971349358
0.002106521010864526
0.0020635521970689295
0.002093915594741702
0.002086584595963359
0.0021575746010057627
0.002088006609119475
0.002052246406674385
0.00205291680758819
0.0021140138036571444
0.0020780964056029915
0.0020577083923853934
0.0020267468062229455
0.002141159400343895
0.0020234274095855655
0.002122036402579397
0.00251361740520224
0.0021188393933698536
0.0021582937915809453
0.002084432798437774
0.0020565515966154634
0.0021046900073997676
0.0022007043939083815
0.002144015801604837
0.002014349610544741
0.002134035201743245
0.0020668943994678556
0.0021264383918605744
0.0020582351949997245
0.0021010112017393113
0.0020254803937859835
0.0021211007959209384
0.002057308005169034
0.0020347021985799075
0.0021522177965380253
0.0020434194011613727
0.0020525556057691572
0.002084679203107953
0.0021289911936037244
0.0021234106039628386
0.002067745407111943
0.0021288514020852745
0.002078853000421077
0.0021253615966998042
0.002110918995458633
0.002105459792073816
0.002101000805851072
0.0021164953941479325
0.0020956728025339545
0.0021562892012298106
0.002038541599176824
0.0021380963968113064
0.0021619546110741793
0.0020900135976262392
0.0020175915909931065
0.0020975540042854845
0.0022851973888464274
0.002068822202272713
0.0020839638076722623
0.0024377283989451826
0.002121001004707068
0.0020905083976686
0.0020048759994097053
0.002081056602764875
0.0020592247950844468
0.0020516933989711108
0.0020876705995760856
0.002103119401726872
0.002052969590295106
0.0020716511993668974
0.0021288218093104662
0.0020610491978004576
0.002036934404168278
0.002101827005390078
0.0021253117942251266
0.0021460275980643927
0.0022324012010358275
0.002064063202124089
0.002063785004429519
0.0020632761996239425
0.0020371846039779484
0.0021309843985363843
0.002042150392662734
0.002158907800912857
0.0020096019958145916
0.0020800814032554626
0.0021331558004021645
0.00206170059973374
0.0021265303948894143
0.00207772619323805
0.0020101228030398486
0.0021140021970495583
0.002134968398604542
0.002033383201342076
0.00214829120086506
0.0020991311990655958
0.002102916594594717
0.0020465064095333218
0.0020322849974036216
0.0019999312004074453
0.0021268743905238805
0.0020218585967086257
0.002019654796458781
0.0021256063948385416
0.0020951143931597473
0.0021416274015791715
0.0020728182047605515
0.002085515600629151
0.0020285679958760737
0.0020206233952194453
0.0020215440075844527
0.002043018606491387
0.002165539609268308
0.0020156419952400027
0.0021105804014950992
0.0021145115955732764
0.002056647604331374
0.0020213379990309476
0.002139399794396013
0.0020843314006924627
0.0020937427994795143
0.002133473998401314
0.002139529399573803
0.0021014624042436482
0.0019987136009149255
0.0020558575983159245
0.002067877200897783
0.0021447161911055447
0.0020277220057323573
0.0021193143911659718
0.0020666533964686096
0.00204694279236719
0.002143598801922053
0.0020185770001262425
0.0021254312014207244
0.0021222625975497065
0.002020111004821956
0.002075713803060353
0.0021566569921560585
0.0020741097978316247
0.002052177407313138
0.0021006320021115243
0.0020822854014113544
0.0021161749958992005
0.001996853400487453
0.0021064440021291374
0.002102865790948272
0.0020003789919428526
0.002046643802896142
0.002177712391130626
0.0020855555892921986
