average_runtime 0.0021187012613867414
0.0020884450059384108
0.0021057759993709626
0.0020860563963651657
0.002136748598422855
0.002142901602201164
0.0021163425990380347
0.0021933694020844995
0.00219092060578987
0.0021214197971858085
0.0020817416021600365
0.002152458007913083
0.0021344903972931204
0.002058078208938241
0.0021506762015633283
0.0021513079991564155
0.0021108901943080126
0.0021281241904944183
0.0021415260038338602
0.0021684561972506343
0.0022178531973622738
0.002176057198084891
0.00215773320524022
0.002154738595709205
0.002158622397109866
0.0020798214012756945
0.002113579399883747
0.0020812215982005
0.002208009595051408
0.0021557764033786953
0.002122597396373749
0.002141499810386449
0.0021376302000135185
0.002107483393047005
0.0021279808017425237
0.0020823269966058432
0.0021006732014939187
0.002148321992717683
0.0021354245953261854
0.0021313408040441574
0.0021764867939054965
0.002095398399978876
0.0020853894064202906
0.0020546808023937046
0.0021229246049188077
0.002103520999662578
0.002146007807459682
0.002099910797551274
0.0021184353972785175
0.002145778201520443
0.0021034881938248873
0.002148309408221394
0.0020494299940764906
0.002133053995203227
0.002162225800566375
0.0021400397992692886
0.0020955934072844685
0.002170732605736703
0.0021308694034814835
0.0021084256004542112
0.0020944592077285053
0.002108284807763994
0.002114706998690963
0.0021372814080677927
0.002099658001679927
0.0020840100012719633
0.0021354959928430615
0.0024371131905354558
0.002096071804407984
0.002037629403639585
0.0020014341920614243
0.0021245080046355725
0.0021250813966616987
0.0021688785986043514
0.002099330991040915
0.002148651599418372
0.0020777071942575274
0.0021526925964280965
0.0021254141931422053
0.002148853207472712
0.00211679560597986
0.0020885659963823856
0.002104162808973342
0.002092295396141708
0.0020771016017533837
0.0020841788034886123
0.0021300890017300843
0.0021869960008189084
0.0021232892060652373
0.0021107054082676767
0.002126327797304839
0.0020658099907450377
0.0021183073986321688
0.0021411051973700525
0.00212767660850659
0.00216619340935722
0.0022007895982824265
0.002211802999954671
0.0021518919966183603
0.002034896402619779
0.0021183526027016343
0.002102606010157615
0.0020410144003108143
0.002068017201963812
0.002125006204005331
0.002035431598778814
0.002104233996942639
0.002153395803179592
0.0020971723948605358
0.0020675551961176096
0.002063132601324469
0.002068478404544294
0.002143826405517757
0.0020285074017010627
0.002102353994268924
0.0021254359977319836
0.0021192406071349978
0.0021489391918294133
0.002115327003411949
0.002140765998046845
0.0021539687993936242
0.002092211996205151
0.0021319731953553856
0.0020992391975596545
0.002114481397438794
0.002154657803475857
0.0024818120058625937
0.002109714795369655
0.002107647398952395
0.002134837198536843
0.002067472995258868
0.0021469161962158977
0.0020490088034421207
0.0020357912057079376
0.0020798314013518392
0.002131613402161747
0.002124841196928173
0.002094476798083633
0.0021646655979566274
0.0020562721998430788
0.0022053977940231563
0.002156882802955806
0.0020510178059339524
0.0021345146000385285
0.002099025598727167
0.002067757199984044
0.0020885529927909376
0.002110972802620381
0.002065622992813587
0.0021440275944769383
0.002145225799176842
0.0021315090009011326
0.002051719790324569
0.002108120999764651
0.0020839211996644736
0.002067171398084611
0.002142711402848363
0.0021182001917622985
0.0020406782045029105
0.0021001062006689606
0.0020952288061380385
0.0020055991946719585
0.0020601039985194804
0.002014726400375366
0.0021159199997782705
0.0020378195913508534
0.0020767231937497852
0.0021163725992664694
0.002170965599361807
0.002113364590331912
0.00213958719978109
0.002087985596153885
0.002080678602214903
0.002099291200283915
0.0020559053984470664
0.002108269999735057
0.0020530190085992217
0.002043007605243474
0.0021739421994425357
0.002208844793494791
0.002134801005013287
0.002121586608700454
0.002129369997419417
0.002120923006441444
0.0021594438003376126
0.002133507397957146
0.0021383631974458694
0.002115530602168292
0.0021002734079957007
0.0021070650080218913
0.0021043161978013813
0.002132002403959632
0.0020574875990860162
0.0020993842044845223
0.002064563799649477
0.0020940602058544754
0.002061031002085656
0.0021174381952732803
0.0021211776067502795
0.0021016421960666776
0.0021000177948735654
0.0020840230048634113
0.0021122513921000064
0.002091666997876018
0.0021580850007012486
0.002171948796603829
0.0021428667940199377
0.0021296777995303273
0.002146332198753953
0.0020738890045322476
0.0020831782021559775
0.0021233213949017225
0.0021822051960043607
0.002217753394506872
0.0021641125902533533
0.0021345925983041526
0.002074402803555131
0.0021159530035220085
0.0020986500079743565
0.0020492984098382295
0.0021283735986799
0.0021248718025162817
0.002189283398911357
0.0020756299956701694
0.0021825970034115016
0.002149440406356007
0.002111024805344641
0.002094873203895986
0.00215769320493564
0.002067258406896144
0.002121727797202766
0.002138959802687168
0.002065955603029579
0.0021585276001133023
0.0020884869969449936
0.002141857799142599
0.002172790002077818
0.0021133570000529288
0.0021233328036032615
0.002120651199948043
0.002147028606850654
0.0020748417940922082
0.0020775052020326258
0.0021555761923082173
0.0021472161985002457
0.0020718803978525104
0.0020716206054203212
0.002197880600579083
0.0021389387897215784
0.0020351462066173554
0.002155979198869318
0.0021072803996503354
0.002115003007929772
0.0020463645923882723
0.0021030239993706347
0.002122266206424683
0.0021086958004161716
0.0020495895994827153
0.0020515899988822637
0.0020838847965933384
0.002097150799818337
0.0021602730033919216
0.002094978606328368
0.0020841678022406997
0.002121387398801744
0.002037572197150439
0.00217090219957754
0.002083021600265056
0.00210304360371083
0.002051186200696975
0.002172445005271584
0.002122591598890722
0.0021208887919783592
0.0020305320038460197
0.0020151323988102376
0.0020663200062699615
0.002167248399928212
0.0020536372088827194
0.0020277049974538387
0.0020944036077708006
0.002141368796583265
0.0020714599988423286
0.002109135803766549
0.0020595632027834653
0.002075391204562038
0.0020493449992500246
0.002118971396703273
0.0021865941933356227
0.0021296372055076064
0.002163923007901758
0.002153019793331623
0.002124985004775226
0.002166234003379941
0.0021168082021176815
0.0021697577903978527
0.0021377471974119546
0.0021044725901447235
0.0021007276023738085
0.00208343539852649
0.002073601202573627
0.0021255680010654034
0.002150437398813665
0.002049130399245769
0.0021659740014001727
0.0020189999951981006
0.0021554665989242496
0.0021024166024290027
0.002138161996845156
0.002141290402505547
0.002166500990279019
0.002032609807793051
0.002068295399658382
0.00205724339466542
0.002141955599654466
0.0021223190007731317
0.0021547948010265825
0.002106130192987621
0.002167512197047472
0.0021576490020379425
0.0021493508014827968
0.0021494684042409062
0.002148426801431924
0.0021211632061749696
0.0021130769979208707
0.002173553197644651
0.002180694800335914
0.002128899400122464
0.002068654203321785
0.002146724599879235
0.002144128596410155
0.002074966998770833
0.002135714399628341
0.002162701194174588
0.002074167400132865
0.0020668695913627745
0.0021872500074096024
0.0021208875929005443
0.0020723685971461236
0.0021020574029535057
0.00210510459728539
0.002137097006198019
0.00210262939799577
0.002150397002696991
0.0021294042002409697
0.0021344281965866687
0.002126574597787112
0.0021343186032027005
0.0021053954027593137
0.002085916604846716
0.0020905808079987763
0.002127351809758693
0.002145720599219203
0.002127098001074046
0.002179234998766333
0.002055467199534178
0.0021467730053700506
0.0021308922092430293
0.0021583505906164644
0.0021262808004394174
0.00210549240000546
0.0021260256064124404
0.002154320199042559
0.0021597369923256338
0.002150002191774547
0.0021283466019667687
0.0022255660034716128
0.002155050204601139
0.002096563798841089
0.002172586799133569
0.002144816191866994
0.002105568605475128
0.0021403808030299844
0.002063475991599262
0.002027402597013861
0.002103928802534938
0.0021142220008186995
0.002040109201334417
0.002097659802529961
0.00214048339985311
0.0021092948038130997
0.002124878205358982
0.0021371945971623064
0.002114567009266466
0.0020589131978340446
0.0020690293982625007
0.002141138806473464
0.002125081792473793
0.0021361583960242568
0.0021294682053849103
0.0020718925981782375
0.002137978991959244
0.002159057999961078
0.0021450493950396776
0.0021467791986651717
0.002077305200509727
0.002135143801569939
0.002115715807303786
0.002060499007347971
0.002042367402464151
0.0021349905990064146
0.002141035394743085
0.00202086940407753
0.002140721003524959
0.0020892498083412646
0.0021230294019915163
0.002137114794459194
0.002093018405139446
0.002107821998652071
0.00209800360025838
0.0020760963903740048
0.002125466999132186
0.0020675317966379224
0.002072579204104841
0.0021715508075430988
0.0021393766044639053
0.0021295499987900256
0.0020711653982289136
0.0020999411935918033
0.002157292200718075
0.0021462674019858243
0.002091105398721993
0.002121868007816374
0.0021588237956166267
0.0020734834019094706
0.00214661160716787
0.002027886989526451
0.0021289283991791307
0.0021574390004388986
0.0021608864073641596
0.0020766654051840305
0.0021309837931767104
0.0021478027920238674
0.0021274909959174693
0.00211475919932127
0.0020965605974197386
0.002080572594422847
0.0021073736017569898
0.0021204906050115825
0.0020943732000887395
0.002074686193373054
0.002140895405318588
0.002132500405423343
0.0020889361971057952
0.002590731997042894
0.0021118690026924016
0.0021072505973279477
0.002111540792975575
0.0021339241997338832
0.0021091776085086166
0.0020313136046752334
0.0021405083942227067
0.002127816202118993
0.0021448976011015477
0.002128703205380589
0.002127206593286246
0.002129683003295213
0.0021353445947170256
0.0020535383955575526
0.0021216114051640033
0.002089441998396069
0.00217970060184598
0.0021975657902657984
0.0021549904020503165
0.0021357307909056545
0.0021749500068835915
0.002133546001277864
0.0021076487959362567
0.0020437726052477956
0.002180009800940752
0.0020532125956378875
0.0020976162049919367
0.0021707948064431546
0.002153851999901235
0.0021544141927734017
0.002109280601143837
0.0020797092001885176
0.0021146831917576493
0.002128373400773853
0.0021922642015852036
0.002172945800703019
0.0020210939925163983
0.002055632206611335
0.0021282180096022785
0.002049205603543669
0.0020144770038314163
0.0020994508056901397
0.002038769598584622
0.002052775991614908
0.0021643527899868785
0.0020631961990147827
0.0021149564068764447
0.0021164147998206317
0.0021471996093168854
0.0021380851976573467
0.0021542120026424526
0.002144654002040625
0.00214226960670203
0.002075087802950293
0.002178431989159435
0.002031349600292742
0.002150255802553147
0.002159391401801258
0.0024403135990723967
0.002142985793761909
0.002135212207213044
0.002113064797595143
0.002181616798043251
0.002058594604022801
0.0020636270055547357
0.002090062398929149
0.0021604645997285845
0.0021095426054671407
0.002055504999589175
0.002187473198864609
0.0021512745996005835
0.0021198750007897617
0.0021161300013773144
0.0020843102014623583
0.002110756002366543
0.0020988986012525856
0.002187108190264553
0.0021295152022503317
0.0021098655997775495
0.0021379588055424393
0.002119855803903192
0.0020742794033139942
0.0020655945991165936
0.0020566565915942194
0.002149217401165515
0.00211419960251078
0.0022054906003177166
0.0020918203983455895
0.0021407781983725726
0.0020649816025979815
0.00211885980097577
0.0020899710012599825
0.0021370026050135495
0.0020915126078762114
0.0021725055994465947
0.0020524382009170948
0.0020539894001558425
0.0020266487961634995
0.002105202805250883
0.0021894705947488546
0.0021438019932247697
0.002118946600239724
0.0021842011949047445
0.002102206402923912
0.0020690446021035314
0.0020279626012779774
0.002142730401828885
0.0021334474091418087
0.002159650600515306
0.002053421805612743
0.002113290398847312
0.0021123772021383047
0.002179377805441618
0.0021313849953003227
0.002128677209839225
0.002066597796510905
0.0021786820027045904
0.0021465276018716394
0.0020936488057486714
0.002181436005048454
0.002080114197451621
0.0021457285969518126
0.00202885780017823
0.0021283757989294825
0.002043833991046995
0.002122558990959078
0.002199702407233417
0.002178792201448232
0.0020182032021693885
0.0021139396005310116
0.0021434081951156258
0.002055080805439502
0.0021317524020560085
0.002136982593219727
0.0020576709997840227
0.00213747100206092
0.0021194100030697883
0.0021796259912662207
0.0021695944014936686
0.002083965390920639
0.002195250801742077
0.0022029894054867325
0.0021711091976612806
0.0021999367978423833
0.0021565474104136228
0.002165039803367108
0.0021303521934896708
0.002110614802222699
0.0020435810089111327
0.0020805186009965836
0.0021652191993780435
0.002120905206538737
0.0021902995998971165
0.002163741399999708
0.002126560197211802
0.0021325772046111523
0.0021288022049702703
0.0021571613964624704
0.0021167436032556
0.002034329599700868
0.0021395285963080823
0.0021657545934431256
0.002178647997789085
0.0021491353982128203
0.00211345839779824
0.002422999998088926
0.002166816801764071
0.002094256808049977
0.0021445701946504413
0.002153951011132449
0.002166680397931486
0.0020708419964648784
0.002160635404288769
0.0021270914003252983
0.0021546271978877484
0.0020508136018179356
0.002127245394513011
0.002121810591779649
0.0021879719919525088
0.002148788596969098
0.002108951995614916
0.0020570766064338386
0.0020944363903254272
0.002163425600156188
0.002122085599694401
0.0021416086005046965
0.002129758009687066
0.0021284865913912656
0.0020579917938448487
0.0021275922073982654
0.002099363598972559
0.0020760087994858623
0.002101154997944832
0.002126603596843779
0.0019973724032752217
0.0021430326043628154
0.0021768629900179803
0.002146435796748847
0.002116245194338262
0.002122537395916879
0.002156679006293416
0.002115874201990664
0.002112774399574846
0.0021515876054763795
0.0021364056039601563
0.0021278818021528423
0.0021122546051628886
0.0020699955988675357
0.0021455813897773624
0.002152458403725177
0.002144458401016891
0.002144667808897793
0.00214774600462988
0.002115161600522697
0.00217724060639739
0.002111656393390149
0.0020975108025595548
0.0021233584033325315
0.002107970998622477
0.002148145402316004
0.002111502003390342
0.0021101927966810765
0.0021134287933818998
0.002120981994085014
0.002135159005410969
0.0021337150014005602
0.0021901602041907607
0.002120380604173988
0.0021493291947990655
0.0021364515996538103
0.0021820876048877836
0.0020947806071490048
0.002128194598481059
0.0021030185976997017
0.002155743003822863
0.0020568385953083634
0.002154423005413264
0.0021246409974992274
0.0021414803923107684
0.0021436483948491514
0.002122105599846691
0.002231132797896862
0.0021145044011063874
0.0021617356105707586
0.00212280519772321
0.0020995058002881706
0.002111340803094208
0.0021269442047923805
0.0021637554047629235
0.0021036571939475834
0.002119165798649192
0.0021461543976329265
0.002166831796057522
0.002166434994433075
0.0021989243919961154
0.002136955806054175
0.0027763772057369353
0.0021349922055378555
0.0021567285992205145
0.0021431375993415714
0.0021096821990795435
0.0021399359917268156
0.0021497847978025676
0.0021880104090087117
0.0021194929955527186
0.002143594389781356
0.002144350204616785
0.0021500776056200266
0.0021286003990098833
0.0020320302108302714
0.002096207602880895
0.0021836191997863354
0.0022035315982066096
0.00209410599200055
0.0021139062009751797
0.002099949400871992
0.002146735193673521
0.002093305008020252
0.0020359341986477377
0.002162209595553577
0.0021174662047997116
0.002147571393288672
0.0021797804045490922
0.002153580996673554
0.002113488398026675
0.0021459028008393942
0.002178965602070093
0.002080951805692166
0.002375229599419981
0.0021304031950421633
0.002108749805483967
0.0021231518010608854
0.0021409424021840095
0.002129750791937113
0.0021711625973694026
0.0021842614049091937
0.0021424280013889073
0.002176589798182249
0.0020323802018538117
0.0021127665997482835
0.002069469203706831
0.002143740002065897
0.0021130248089320956
0.002174251992255449
0.002174760797061026
0.0021257082000374792
0.002222613396588713
0.0021487639984115957
0.0021965762018226085
0.002179526595864445
0.002178190997801721
0.0021604045992717146
0.002188540599308908
0.0020585120073519647
0.0021308085997588933
0.0021401333971880375
0.002145622798707336
0.0020818940014578403
0.0020504615968093276
0.002169847604818642
0.0020566439954563974
0.0021776389912702143
0.0020987513940781354
0.0021505351993255316
0.0021045587956905363
0.002135486400220543
0.0021743915975093843
0.002169850398786366
0.0021801286027766766
0.0021287129959091542
0.00216601740103215
0.0020781786064617337
0.0021097529912367462
0.002101700799539685
0.002130086801480502
0.0021079030004329978
0.002152958803344518
0.0021254542050883176
0.0021613675984553994
0.002153415395878255
0.0020904771983623503
0.002166727604344487
0.0020845275954343378
0.0020722846034914254
0.0021240159985609353
0.0020836178096942603
0.002110344998072833
0.002492454007733613
0.0020860863965936004
0.0020497818011790516
0.0020982633926905692
0.0021368138026446105
0.0021770905936136843
0.002140118007082492
0.0021007689996622504
0.0022380935959517958
0.002211817994248122
0.0021473380038514733
0.0021953904069960117
0.002167405397631228
0.0021378770004957916
0.0021214082022197544
0.0021190979983657598
0.0021151527995243668
0.002171135600656271
0.0020842332043685017
0.0021035471931099893
0.002052918798290193
0.002137844997923821
0.0021269268007017674
0.0021215656073763967
0.002055601601023227
0.0021286064060404898
0.0021929927985183894
0.0021713731926865875
0.002128253795672208
0.0021462594042532144
0.0021073442068882285
0.0020968785975128412
0.00213538920506835
0.0021258801920339466
0.0021131647983565925
0.0020731760072521866
0.0020962022012099625
0.0020779995946213605
0.002127674000803381
0.0021410229965113103
0.0021124485996551813
0.002108343399595469
0.0021179144037887453
0.0020816143951378763
0.002130975399632007
0.0021663113962858914
0.0021579925902187823
0.0021360275917686523
0.002056157006882131
0.002117299207020551
0.002049199608154595
0.002241502597462386
0.0020959398010745645
0.002113608398940414
0.002040394791401923
0.002111269801389426
0.002125070197507739
0.0021311460062861443
0.002148752601351589
0.002191649400629103
0.0021372465998865664
0.0021509577985852958
0.0021848054020665586
0.0021231118007563055
0.002185210399329662
0.00214009239571169
0.002083419996779412
0.0021095496020279826
0.0021336461999453605
0.002129003801383078
0.0021210879902355375
0.002076513192150742
0.0021340931998565793
0.002058704395312816
0.002122792392037809
0.0025324443937279283
0.002175885799806565
0.0022100383997894824
0.002108415402472019
0.0020489885937422514
0.0021155702066607772
0.0021904152003116907
0.002127188805025071
0.002008214802481234
0.00210984320146963
0.0020566962077282367
0.0020853692083619537
0.00205496879061684
0.002068262395914644
0.002007915999274701
0.002064142609015107
0.001993843400850892
0.0020182970096357168
0.00217041700379923
0.002035879797767848
0.0020465651992708444
0.0020688306074589493
0.00208890080684796
0.0020854396047070623
0.0020471264026127754
0.002081126789562404
0.0020504269981756807
0.002072285395115614
0.002083386795129627
0.002072882803622633
0.0021298759966157377
0.002123129996471107
0.002054470998700708
0.002095945202745497
0.0019957363954745235
0.002086836809758097
0.00213554099900648
0.002041162794921547
0.0020167272072285415
0.0020537154050543904
0.0022300589946098624
0.002038332400843501
0.002109197003301233
0.0021376471966505052
0.0020924604032188654
0.0020703996066004037
0.0019908073940314353
0.0020651201950386165
0.0020574808004312217
0.0020346881938166916
0.0020758572034537794
0.0020640952046960593
0.0020185941946692766
0.0020403756061568856
0.0021455395966768266
0.0020298802061006426
0.0020490544033236802
0.002087959204800427
0.0020942364004440605
0.0020857317955233156
0.002125275996513665
0.002041842800099403
0.002051557402592152
0.0020501134102232756
0.0020339968032203615
0.0021477709989994763
0.0020881135948002338
0.0021557314088568092
0.002008731593377888
0.0020797408069483936
0.0021167597966268658
0.0020522610051557423
0.0020803446066565813
0.002031077607534826
0.0019956444040872155
0.0020805398002266885
0.0021086732042022048
0.002038215799257159
0.0021481100004166363
0.0020772125921212138
0.0021591249969787896
0.00207824019016698
0.0021094758063554763
0.0020476448000408707
0.0021447924082167447
0.002053678804077208
0.0020145570044405757
0.0020948257995769383
0.0020656420034356414
0.0020909341983497143
0.0020691485959105195
0.0020860446034930646
0.0020115219987928866
0.001996441592928022
0.002027146192267537
0.0020520277903415263
0.002170314802788198
0.0020728040020912887
0.0021182610071264207
0.0021259061992168426
0.0020429895957931876
0.002007151406724006
0.0020757131977006795
0.0020623265998438002
0.002082935790531337
0.0021288974094204605
0.002098228398244828
0.00206354419933632
0.0020088860066607593
0.002064452401828021
0.002116271003615111
0.002148780808784068
0.0020458613988012077
0.002196117804851383
0.0021208628080785275
0.002116704999934882
0.0021796762011945248
0.0020536388037726283
0.0021547530079260467
0.0021203177981078624
0.0020437909988686442
0.0021306604030542076
0.002208062005229294
0.002100533002521843
0.0021121906000189485
0.0021241764072328804
0.002131901797838509
0.00216211739461869
0.002016338601242751
0.002140797395259142
0.002174022200051695
0.0020220948033966126
0.0020459303981624545
0.002196366596035659
0.0020911267958581446
