average_runtime 0.003068540318612941
0.003097820992115885
0.003200176800601184
0.0030657824012450875
0.0030825469992123546
0.0030071471934206783
0.0030236950027756394
0.003030004200991243
0.00311454659095034
0.003094898792915046
0.003070127603132278
0.002977692801505327
0.00304713340010494
0.0030253669945523145
0.00314217678969726
0.0030263039981946347
0.0029883282026275993
0.0029725637985393407
0.0030763794085942207
0.0031531868036836384
0.003176282998174429
0.0029987853951752184
0.002983413601759821
0.0030095135909505187
0.003004994394723326
0.0031621144036762415
0.0030363989993929864
0.003041427000425756
0.0030314886011183263
0.0030145794036798177
0.0029956900049000978
0.0029381689964793622
0.0029824758064933123
0.0031482532038353385
0.003011541604064405
0.0029805853962898256
0.0029903292073868216
0.0029965952038764954
0.0029920737957581877
0.0030878802062943578
0.002938477403949946
0.0029082813998684287
0.002972688805311918
0.0030054465983994304
0.0031079461914487183
0.0029611767968162894
0.0029799122014082967
0.0030021901940926908
0.0030171153950504957
0.003001362399663776
0.0030106817954219877
0.003028635203372687
0.002966316998936236
0.002967903797980398
0.0029932552017271517
0.0029724012012593446
0.0029529621941037478
0.002997948997654021
0.0029875069973058998
0.002963036601431668
0.0030021737911738455
0.0029661567998118697
0.0029569665901362898
0.0029744674102403224
0.003012009197846055
0.002976630802731961
0.0029594025923870503
0.0029937350074760614
0.003008050995413214
0.002958185400348157
0.003026292799040675
0.003171293810009956
0.0030122203985229134
0.00298536199843511
0.003484712797217071
0.0029641575994901357
0.003086545807309449
0.0029840253992006183
0.0030926209990866484
0.002973736799322069
0.0030450557940639557
0.0029520084033720197
0.002973395399749279
0.002997457201126963
0.0030160343972966074
0.003025720803998411
0.003005197399761528
0.003017108398489654
0.0031285234028473495
0.003133755794260651
0.002964146202430129
0.00296463220147416
0.0029593869927339255
0.0029964067973196505
0.002938390604685992
0.002957086800597608
0.0029707028064876796
0.002923454204574227
0.0030573557945899666
0.003004261408932507
0.002972133795265108
0.0030330703943036498
0.002938297193031758
0.003090472798794508
0.003171567409299314
0.0030341644072905184
0.0033115272060967984
0.0029185632010921836
0.0030692492029629646
0.003008458996191621
0.0030047437991015612
0.0033464440028183164
0.002995077206287533
0.0030203623929992316
0.003006999392528087
0.0030461748014204205
0.00295963860116899
0.0030712721985764802
0.002966073399875313
0.003008036804385483
0.0029822614043951033
0.0030064086080528797
0.003004013397730887
0.0030060176039114596
0.002964483795221895
0.0029668758041225375
0.002990155993029475
0.002942301204893738
0.003047295403666794
0.0029783220030367374
0.002954423206392676
0.0030051089939661323
0.0029633825994096696
0.0029859569971449674
0.0029912431957200168
0.0030691782012581825
0.0030928837950341403
0.0029357417952269316
0.0030192334088496864
0.003051761002279818
0.0030531403957866133
0.0030415045912377536
0.003081074799410999
0.00304867000086233
0.003044507000595331
0.003122547606471926
0.003092326398473233
0.0030288608046248554
0.003134872205555439
0.003127222997136414
0.0029315670020878316
0.003506687399931252
0.0031332115991972386
0.002875872200820595
0.003033592994324863
0.0030281622079201044
0.0030388056067749856
0.003037638193927705
0.0030056486022658644
0.0030531718046404423
0.003106533398386091
0.0031039676046930253
0.003082594810985029
0.0030383424018509686
0.002988236793316901
0.003037520800717175
0.0030516418046317995
0.003068657999392599
0.0030659353942610323
0.002996443200390786
0.0030698099988512697
0.0029556230059824885
0.002986377605702728
0.0029774994007311763
0.003008373803459108
0.0030640955897979437
0.0030167986056767403
0.003135838801972568
0.003208229609299451
0.0031984747969545425
0.0031927840085700155
0.0031962984008714556
0.0030317285913042725
0.0029976385994814336
0.0030052879941649736
0.0030385112040676177
0.0030247009941376745
0.0029734726063907146
0.0029615371953696013
0.0029730295995250345
0.0030380003969185053
0.0030266829999163747
0.0031459365971386434
0.0030592611990869047
0.002973818592727184
0.003019277798011899
0.0029964685905724763
0.002997340599540621
0.0029876490007154644
0.0030564391985535623
0.002962603000923991
0.0029536396032199264
0.002995686198119074
0.003065604798030108
0.003054474201053381
0.0030563600012101233
0.0030351758003234865
0.003007698606234044
0.0030039162025786935
0.0030220360029488804
0.003017272800207138
0.003014586807694286
0.0030875280033797027
0.003014474001247436
0.002940116205718368
0.0029620856046676637
0.003024844196625054
0.0030436264001764356
0.003045925195328891
0.003016247192863375
0.002991426596418023
0.0031118506100028752
0.0031352191930636764
0.0032166110002435746
0.003005943598691374
0.0030353734036907554
0.0030841477913782
0.0030269177979789673
0.0029621962108649313
0.003030137007590383
0.0029719876009039583
0.0029889171943068503
0.003042269602883607
0.003095873596612364
0.003039167798124254
0.0030269182054325936
0.0031204896047711374
0.0032478497945703567
0.003056813799776137
0.003000952990259975
0.003003776795230806
0.0030071113957092165
0.0030920082004740833
0.002945656201336533
0.0029635846032761036
0.002970450802240521
0.0029319840017706157
0.0029594038031063976
0.0029978664009831847
0.0031072221929207442
0.003151918388903141
0.002929907792713493
0.0030240036081522702
0.0029712457908317447
0.0030175501946359874
0.0030978054041042925
0.0031216821982525287
0.002996762201655656
0.0029881066060625018
0.0029941993998363614
0.0030242736102081835
0.002974640391767025
0.0029789382009766997
0.00297247979324311
0.0030162665992975236
0.0030363291967660188
0.0029278020025230943
0.0029750243993476033
0.0029668728006072343
0.002935874799732119
0.0030431729974225163
0.0031096067978069186
0.00320104300044477
0.0029701375984586774
0.0030729096033610404
0.0030480099958367646
0.003195260791108012
0.003108595800586045
0.003023426397703588
0.003198677010368556
0.003521992196328938
0.0031257894006557763
0.0029772575944662094
0.002994386409409344
0.003033671004232019
0.0031223925994709133
0.0031017508008517325
0.002979959605727345
0.003000202588737011
0.0030256944010034204
0.0031121271895244718
0.002965997997671366
0.002989412203896791
0.0030353437992744147
0.003110611799638718
0.00311598900007084
0.003022592200431973
0.003158745006658137
0.0030172851984389126
0.0031360024004243314
0.0029743656050413847
0.0030203892034478485
0.0030499008018523453
0.0031587730045430362
0.0030423798016272485
0.003026122797746211
0.0029438187950290738
0.0030970685998909175
0.0030198252061381936
0.003011058201082051
0.003017350996378809
0.0030387260019779207
0.003050954604987055
0.0030362133984453976
0.0029695734032429756
0.0029714387957938014
0.0030150791979394855
0.003081646200735122
0.003071574994828552
0.0029700737912207844
0.003033426799811423
0.0029869738034904005
0.0030532511998899283
0.002994925808161497
0.0030396991991437972
0.003173451405018568
0.0029789220076054334
0.003146973601542413
0.003082196391187608
0.002962005790323019
0.0029652623925358057
0.002948434394784272
0.003118899802211672
0.0029753005946986377
0.003074843203648925
0.003039172594435513
0.002987854997627437
0.003022831806447357
0.002984092605765909
0.003061732603237033
0.003070450806990266
0.003075683396309614
0.0030967326019890606
0.002948869008105248
0.002956190810073167
0.0029950135969556866
0.0030269889975897968
0.0029330041958019137
0.0030366619932465254
0.0030396976042538883
0.0031113172066397966
0.003074313991237432
0.003108062397222966
0.0031769433990120888
0.0031813401961699127
0.0029686633963137863
0.002953973202966154
0.0030363430036231876
0.003093486395664513
0.003019811597187072
0.0030338995973579587
0.0030148353893309832
0.003048016398679465
0.003088678396306932
0.0031122375978156923
0.0031446806038729846
0.0031737509998492897
0.003258587198797613
0.003272219398058951
0.002962801605463028
0.0029923407942987978
0.0031022342038340865
0.0030992853920906783
0.002975495194550604
0.002971860591787845
0.0030783004011027517
0.002978024201001972
0.003007696394342929
0.0030615880037657916
0.00314509259769693
0.003059390000998974
0.003026128001511097
0.0030708617996424437
0.003120560199022293
0.003106937592383474
0.003149393596686423
0.0030989064020104707
0.003068258205894381
0.003113383206073195
0.00317531960317865
0.003051215794403106
0.003180667001288384
0.0031018238049000503
0.0029257203917950393
0.0029471129993908106
0.002964783599600196
0.002958135609515011
0.0029885655967518687
0.0030186234042048456
0.0029209388070739807
0.0029628096031956374
0.002952310803811997
0.0029801012016832827
0.0029918455984443426
0.0030268852016888557
0.0029351130011491477
0.002979901002254337
0.0030821247957646845
0.0029506842023693026
0.0029585725977085532
0.0029672876000404356
0.003059768199454993
0.003034221602138132
0.003029839997179806
0.0030454562045633795
0.0030921138008125127
0.0031240963959135114
0.0030374892055988314
0.002952386799734086
0.0029937505954876543
0.00301028280518949
0.0030417567933909593
0.0029326853924430906
0.002955543401185423
0.002957366209011525
0.0030161342001520097
0.0030762342037633063
0.003102768398821354
0.0031122435932047663
0.0030675667920149865
0.003106945799663663
0.003095779404975474
0.0030570171889849006
0.0031809398089535533
0.003111706394702196
0.0032339348108507693
0.0030998321948572994
0.0031434211996383965
0.0030553824035450816
0.0030086140031926334
0.003027267602737993
0.0030518061947077514
0.0031153488089330494
0.0031107881921343507
0.0032864429987967013
0.0032309363945387305
0.002949620992876589
0.0030335479998029767
0.00313523740042001
0.003061116801109165
0.0030958630028180777
0.0030252126045525072
0.0031027384102344513
0.0031295759952627124
0.0030500989989377556
0.003142922802362591
0.0029647711897268893
0.003142773394938558
0.0029576294007711114
0.003080466401297599
0.0030275007942691446
0.0031176099902950226
0.0031056771986186504
0.0030853120028041304
0.0031106962007470427
0.003045294398907572
0.0031389278010465205
0.003128527197986841
0.0031148618087172507
0.0032419295981526374
0.00302244599442929
0.0031032006023451685
0.003081093600485474
0.003082359000109136
0.003073410806246102
0.003130123799201101
0.0031662770081311463
0.003080166399013251
0.0031432015937753023
0.003130077791865915
0.003274004999548197
0.003023758402559906
0.003039977001026273
0.003005300392396748
0.0030662885983474553
0.003106240404304117
0.0031002058065496387
0.0030792316072620453
0.003102315589785576
0.0031098681967705486
0.0031159791979007423
0.003113715595100075
0.0030987058067694306
0.0030045031919144092
0.0030015102005563677
0.0030404753983020783
0.00316526839742437
0.0031180419959127904
0.0031482560094445943
0.00332337380386889
0.003297334595117718
0.003076418989803642
0.003186565195210278
0.0030766949988901616
0.0031142473919317125
0.0030319257988594473
0.0030185933923348785
0.003100998408626765
0.0030457261949777604
0.00300647480180487
0.003065995802171528
0.0030372706009075046
0.0031144391978159547
0.0030705805984325707
0.0031762132071889936
0.0031949344091117384
0.0032353103975765406
0.003559274796862155
0.003278256207704544
0.0034581920015625657
0.0032066683983430267
0.003011694794986397
0.003050712600816041
0.003003947401884943
0.003088865603785962
0.0030981214018538593
0.003109412605408579
0.003239637799561024
0.0030746971955522896
0.003024319396354258
0.003149041801225394
0.0030351441935636105
0.0032123269978910685
0.0031403489992953837
0.0030483714072033763
0.003063134802505374
0.003070565196685493
0.0031424371991306543
0.0031687651993706823
0.0029918138054199515
0.0031117181992158295
0.0031015446060337127
0.0031381546054035426
0.003138338797725737
0.003160871600266546
0.0030593591975048183
0.003022550791501999
0.003134018194396049
0.00305414559552446
0.0030154296080581846
0.003059348592069
0.003215598396491259
0.003086369589436799
0.003052973607555032
0.002925687003880739
0.003165019198786467
0.0030968439998105167
0.0030435365973971785
0.0031067011994309725
0.003150992200244218
0.003028695797547698
0.0030397444032132627
0.0031348134041763844
0.003109375189524144
0.0031706638052128254
0.003060570592060685
0.003118861198890954
0.0030561133986338972
0.003134537790901959
0.003126709396019578
0.0032046162057667972
0.003010423795785755
0.0033641133923083544
0.0031256307964213194
0.0031604803982190786
0.0030707602039910854
0.0031242848024703564
0.0030511103919707238
0.003035181597806513
0.0030298899975605307
0.0031540427939035
0.0031166677945293486
0.0031316600041463973
0.0030507588060572745
0.003077161603141576
0.0030931361950933935
0.0030740014044567943
0.0030595544027164578
0.0031547119957394897
0.00305795359890908
0.0030054347938857973
0.0030508170020766556
0.0030682942015118897
0.0031811279943212865
0.0031850478029809893
0.0029850875958800315
0.0031228009960614146
0.0031003498006612062
0.0031335602048784494
0.002980699797626585
0.003042896802071482
0.003116551204584539
0.00306457900442183
0.0031188900000415744
0.0031865774071775377
0.003073641401715577
0.0031388722010888158
0.003040865994989872
0.0032021821942180397
0.0031475797994062306
0.0030883416067808865
0.0030944186029955743
0.00308883540565148
0.0031526988022960722
0.003081072389613837
0.0030057318042963745
0.0030923231970518827
0.002988640801049769
0.0030721393995918334
0.0031156221986748276
0.0030985101941041647
0.003019354201387614
0.0030783468042500316
0.003529674606397748
0.003050060395617038
0.0030374150024726986
0.003124136000405997
0.0029708783957175912
0.003056431398727
0.0030624801991507413
0.003061640600208193
0.0030208634096197786
0.0029937898041680457
0.0029928448027931156
0.0030946928076446057
0.002958413609303534
0.0030292020062915983
0.0030131580075249075
0.002948042401112616
0.0031751647940836845
0.003022578009404242
0.002988072205334902
0.0030092492001131178
0.0030137280002236365
0.003010247403290123
0.003013643401209265
0.003097112406976521
0.0030371339991688727
0.003066533198580146
0.003068967000581324
0.0030873175943270325
0.003085870202630758
0.003167417994700372
0.003187736391555518
0.003113215998746455
0.003074266400653869
0.0031527529936283827
0.003189024003222585
0.003049094998277724
0.003117777593433857
0.0030874965945258737
0.003041865793056786
0.0030730885919183493
0.0030459241941571237
0.0030727540026418863
0.003085927397478372
0.003102826594840735
0.0030291178030893207
0.0030222716042771934
0.00300278440117836
0.0031495011993683875
0.0031021589995361863
0.0031016975990496576
0.00321536420378834
0.0029915204038843514
0.003045071801170707
0.0030499858083203437
0.0032167179975658654
0.003148187603801489
0.0032851331983692945
0.0030715673929080367
0.003070778399705887
0.0030293775955215095
0.003070055798161775
0.0030437623965553938
0.003075530007481575
0.0030271845986135303
0.0029906781972385945
0.0030753179918974636
0.003069889999460429
0.003031428798567504
0.003001649200450629
0.003236258600372821
0.003205771395005286
0.0030355933937244116
0.0030432078056037426
0.0030167339951731264
0.0031362704001367094
0.0030792652047239243
0.0030216746032238006
0.0030307074077427386
0.0033896512002684178
0.003041990997735411
0.0031321557937189935
0.0030960747972130775
0.00315578558947891
0.0030846285982988773
0.003156551194842905
0.0031671628006733955
0.0029827069956809282
0.0031315870000980794
0.003129306808114052
0.0030384200043044986
0.003066658799070865
0.0030649886000901462
0.0030600761994719504
0.003087642602622509
0.00303346459986642
0.0030169181991368532
0.0031386197893880307
0.0031549884006381035
0.003111273201648146
0.0031017793924547734
0.0031095089972950516
0.003064279002137482
0.0030938044073991477
0.003142758400645107
0.0032516494044102727
0.003216237400192767
0.0030783422058448195
0.00311112180352211
0.003080157795920968
0.0030908665969036518
0.003098121995572001
0.0030594423995353283
0.0030412144027650357
0.003129943192470819
0.0031268931925296783
0.0030782010057009757
0.0030765771982260047
0.003010915603954345
0.003041576000396162
0.003020266606472433
0.003049311402719468
0.00304062960203737
0.0030893167946487664
0.0030776413972489537
0.003087107604369521
0.0031209131935611366
0.0030823656008578835
0.0030776759958826005
0.0031495807925239205
0.0031235881964676083
0.003098436805885285
0.00307986200787127
0.003075855795759708
0.003078986401669681
0.003105301596224308
0.003118027001619339
0.0030984214041382073
0.0031285812030546365
0.0029852530104108157
0.0030391187989152967
0.0030431360006332397
0.0030504980008117855
0.0030809993972070516
0.0030018563964404167
0.0030846476089209317
0.0032292890013195575
0.0032050223904661833
0.003247179207392037
0.0031030387966893614
0.0033245332073420287
0.0033012820058502257
0.003202733991201967
0.0031115639954805373
0.003022798802703619
0.003014872001949698
0.003055562998633832
0.003061478608287871
0.003047138208057731
0.003030950401443988
0.0029941307962872087
0.003227163397241384
0.003212523797992617
0.003027452202513814
0.003015880798920989
0.0031066381954587994
0.0030934871989302336
0.0031051135971210896
0.0030324253952130676
0.003033215401228517
0.003124424803536385
0.003127955598756671
0.0029770713998004796
0.0030694796005263925
0.003065797593444586
0.003145321400370449
0.0031290197977796195
0.0030472510028630496
0.0030714242020621896
0.0035152065916918217
0.003076707595027983
0.0029841915937140586
0.0031264566001482307
0.0030338259995914994
0.003016528394073248
0.003060090006329119
0.003012618189677596
0.0030244821915403008
0.003048662596847862
0.003052746003959328
0.0030747937969863416
0.003215028007980436
0.0030673363944515586
0.003018265403807163
0.003017428796738386
0.0031018606037832796
0.0029994257958605884
0.003254382393788546
0.002968021191190928
0.003005555598065257
0.0031086993985809386
0.003035502601414919
0.003111161198467016
0.00303986759390682
0.0030013568000867965
0.003099442401435226
0.003088603203650564
0.003156470402609557
0.0030945900012739
0.0030849559931084513
0.003124330402351916
0.0029996447963640096
0.0030162079958245156
0.0030370515887625515
0.00308381759095937
0.0031548617989756167
0.002976385597139597
0.0030983061995357277
0.0030929008033126594
0.0031015085987746716
0.003073742799460888
0.003068153199274093
0.0031082667992450297
0.003097159194294363
0.0029690542025491594
0.0032714353990741076
0.003024782007560134
0.0030479478067718447
0.003290957398712635
0.0030398695962503552
0.0029912943951785564
0.0029831444029696287
0.003028907801490277
0.003112097200937569
0.0030667854007333517
0.003087661205790937
0.0030891004018485544
0.0030642927973531186
0.00305797359906137
0.003077789000235498
0.003033755999058485
0.0030713318032212556
0.0030677661998197436
0.003047802997753024
0.003053163399454206
0.0030634541995823382
0.0030414491891860964
0.0030806920025497676
0.0030908977962099014
0.0030972674023360012
0.0030841197934933008
0.0030675241956487297
0.0030655169975943863
0.003063468600157648
0.0031485183979384603
0.003068029403220862
0.0031078987987712024
0.003089026396628469
0.0031779019976966084
0.0030958149931393565
0.0030292215989902614
0.003158676601015031
0.0033451894065365194
0.0031071502016857266
0.0031166806002147496
0.003078745596576482
0.0030289057991467415
0.003045548393856734
0.003108113002963364
0.0030699352035298945
0.0031119461986236275
0.003101021202746779
0.0031012239982374013
0.0031877266010269523
0.0030234473990276454
0.003072409809101373
0.003088216600008309
0.003176146000623703
0.003089669195469469
0.0031281775911338626
0.0032090655993670227
0.0033980572014115753
0.0031947246054187415
0.0031936386018060147
0.0030867060064338147
0.0030858632060699167
0.0031012556049972773
0.0030960962059907613
0.0031139004044234754
0.0033905267948284743
0.00314432819141075
0.0031378585961647333
0.0031669382005929947
0.0031059222063049676
0.0030591128044761716
0.0030775732011534274
0.0029928105999715627
0.0029923132038675248
0.003050699201412499
0.0029811042011715473
0.003108339791651815
0.002981545205693692
0.003003192797768861
0.0030008438043296337
0.0029952861950732768
0.003039243002422154
0.002984285796992481
0.003150905598886311
0.0029473911970853807
0.003099687001667917
0.0029568725964054464
0.0030836650053970515
0.0030448128003627063
0.0031494518043473363
0.00311620500870049
0.0029308922006748618
0.0030453211977146564
0.0029468171996995807
0.003114461002405733
0.0031113203964196145
0.003086631197948009
0.003074704797472805
0.0030650440021418035
0.003080299007706344
0.0030485911993309855
0.0030508480034768582
0.0030249050003476443
0.00299929881002754
0.0031079182052053513
0.003046842000912875
0.0031150156049989165
0.0031142121995799245
0.0031253531924448907
0.003140022000297904
0.0031283530057407915
0.0030773335951380433
0.0030851999996230005
0.0030700235976837574
0.0030221262015402315
0.003129059809725732
0.0030086328042671084
0.0030459038098342717
0.003104461799375713
0.0030991606065072118
0.0030255069956183433
0.003107837203424424
0.0030766748008318246
0.003471924806945026
0.0030227971961721777
0.0030200809938833117
0.00303125639911741
0.003001886804122478
0.0031277126050554215
0.0031610933947376907
0.0031951286015100776
0.0030118021997623144
0.003063601197209209
0.003310404205694795
0.0032610147958621384
0.003088583203498274
0.0030988703947514296
0.003090100595727563
0.0030821588006801903
0.0031314546009525656
0.003017173206899315
0.0030106537975370883
0.003097630001138896
0.003109370800666511
0.0032235088059678675
0.0031808867934159935
0.003028375597205013
0.0030267825932241976
0.003084820392541587
0.0030820985906757415
0.0030803864006884395
0.003104773804079741
0.0030165503965690734
0.0031176544027402995
0.0030644885962828996
